[INFO]
experiment_name sparsity_large_K32
variable sparsity
N 102539
M 102539
K 32
sparsity 0.999
description Compare matrices with K=32 for varying sparsity on large dataset
runtime 54
n_warmup_iterations 5
sequence_number 3
[/INFO]
[DATA]
[L] Baseline
[D] 3829 32123 32172 32275 32217 5126 53718 37536 32253 4649 32342 32214 4896 32126 38987 32249 32423 32362 32468 32234 32538 32254 32476 32046 4709 32162 32068 4941 34277 32561
[L] cuSPARSE
[D] 3061 3157 3157 3205 3161 3175 3170 3647 3163 3167 3164 3166 3201 3172 3160 3165 3160 3204 3177 3162 3168 3166 3215 3157 3170 3149 3195 3177 3158 3667
[L] sm_l2
[D] 1263 1257 1245 1384 1377 1383 1405 1390 1251 1248 1269 1378 1235 1402 1375 1252 1374 1489 1261 1288 1254 1250 1251 1231 1231 1258 1387 1265 1261 1227
[/DATA]
