[INFO]
experiment_name patents_main
variable K
N 240547
M 240547
K 256
sparsity 0.99999
description Compare matrices with K=[32,128,256] for patents_main data set
runtime 72
n_warmup_iterations 15
sequence_number 3
[/INFO]
[DATA]
[L] Baseline
[D] 3810 3672 3792 3789 3767 3817 3789 3733 3694 3755 3831 3735 3744 3788 3776 3777 3766 3683 3697 3802 3785 3898 3780 3710 3771 3762 3812 3749 3800 3792 3755 3850 3800 3768 3821 3787 3818 3813 3785 3778 3780 3761 3731 3691 3670 3910 3963 3994 3887 3904 3900 3960 3892 4057 3997 4112 4122 4050 4014 3948 4046 3919 3981 3990 4058 3976 4021 4018 3987 4059 4068 4012 4037 4025 4012 4021 4044 4043 4076 4063 4112 4106 4097 4119 3699 3727 3757 3732 3747 3771 3693 3741 3727 3749 3770 3759 3779 3719 3766 3736 3823 3753 3744 3776 3790 3803 3776 3874 3844 3752 3826 4262 3820 3740 3813 3826 3716 3835 3849 3792 3796 3820 3736 3836 3799 3790 3779 3831 3818 3760 3737 3791 3725 3871 3964 3948 3966 4175 3688 3747 3743 3713 3739 3715 3698 3757 3732 3684 3739 3682 3705 3870 3958 3859 3908 3904 3847 4005 4100 4740 4067 4004 4134 3767 3750 3778 3732 3722 3724 3793 3808 3778 3752 3776 3763 3668 3769 3763 3775 3753 3732 3758 3792 3690 3722 3865 3739 3795 3812 3765 3796 3787 3951 3976 3995 3855 3917 3887 3993 3969
[L] cuSPARSE
[D] 1900 1742 1835 1655 1884 1807 1672 1806 1795 1828 1679 1798 1804 1816 1886 1804 1756 1800 1873 1803 1800 1803 1811 1813 1762 1804 1803 1799 1813 1748 1810 1780 1817 1764 1715 1811 1880 1815 1879 1812 1830 1785 1801 1885 1750 1959 1746 1829 1658 1852 1853 1739 1795 1799 1756 1729 1799 1804 1750 1894 1893 1757 1828 1884 1824 1710 1956 1819 1825 1771 1879 1807 1724 1809 1808 1828 1852 1883 1820 1786 1805 1748 1739 1912 1890 1768 1709 1808 1807 1780 1890 1804 1827 1793 1887 1873 1810 1827 1751 1796 1823 1723 1898 1801 1953 1666 1771 1827 1699 1828 1850 1720 1862 1832 1730 1735 1750 1898 1771 1786 1829 1903 1758 1801 1798 1750 1771 1900 1797 1818 1828 1813 1828 1889 1845 1782 1742 1835 1843 1747 1863 1801 1762 1808 1801 1874 1834 1824 1707 1797 1868 1904 1716 1845 1797 1829 1807 1919 1917 1767 1739 1923 1805 1738 1906 1831 1747 1756 1925 1861 1793 1806 1800 1819 1851 1799 1836 1806 1846 1880 1802 1862 1795 1848 1722 1802 1884 1810 1873 1812 1865 1795 2284 1365 1668 1806 1789 1752 1745 1804
[L] sm_l2
[D] 1495 1599 1344 1341 1361 1317 1343 1492 1504 1426 1517 1339 1354 1494 1497 1523 1340 1344 1501 1327 1594 1318 1500 1496 1334 1503 1492 1322 1364 1325 1321 1319 1434 1373 1351 1385 1437 1430 1355 1319 1447 1322 1391 1338 1428 1342 1347 1348 1446 1338 1337 1422 1328 1349 1324 1322 1436 1327 1330 1316 1441 1323 1328 1349 1478 1368 1436 1500 1576 1504 1489 1516 1332 1500 1520 1495 1501 1506 1531 1445 1491 1324 1512 1601 1497 1342 1648 1721 1503 1504 1505 1434 1540 1439 1493 1431 1510 1330 1333 1529 1603 1333 1518 1499 1357 1379 1359 1448 1327 1347 1361 1335 1334 1348 1352 1356 1341 1323 1347 1357 1355 1363 1351 1338 1317 1326 1371 1324 1406 1470 1358 1326 1348 1351 1331 1342 1451 1387 1350 1325 1493 1499 2053 1585 1620 1515 1431 1517 1500 1340 1333 1319 1517 1492 1493 1495 1855 1493 1325 1495 1322 1498 1499 1633 1531 1603 1504 1499 1507 1476 1431 1520 1498 1500 1326 1319 1880 1414 1359 1391 1437 1376 1320 1316 1425 1368 1318 1317 1458 1402 1356 1468 1468 1338 1381 1351 1432 1350 1461 1467
[/DATA]
