[INFO]
experiment_name patents_main
variable K
N 240547
M 240547
K 32
sparsity 0.99999
description Compare matrices with K=[32,128,256] for patents_main data set
runtime 19
n_warmup_iterations 10
sequence_number 1
[/INFO]
[DATA]
[L] Baseline
[D] 382 385 386 409 415 375 409 414 420 419 376 363 421 416 374 385 384 375 384 386 372 372 467 421 382 384 383 376 410 383 383 387 412 421 361 372 365 376 424 376 412 382 383 375 418 384 415 417 415 410 420 422 419 385 362 377 365 366 377 377 365 362 363 359 365 364 376 361 376 365 377 364 365 364 375 364 376 366 363 364 367 364 364 364 365 362 365 365 375 2000 2006 2049 2017 1988 2019 2235 2003 2020 2018 6540
[L] cuSPARSE
[D] 1812 1991 1689 6511 518 458 450 541 561 569 575 580 450 543 572 598 553 549 566 577 507 520 517 523 521 514 522 510 424 526 533 421 508 537 613 417 534 525 425 506 518 555 499 508 588 518 525 513 516 507 529 421 502 531 408 504 530 393 506 526 538 522 515 540 444 506 521 475 522 520 514 521 542 421 506 508 432 511 523 538 501 523 569 509 515 520 438 517 516 488 515 519 513 503 498 421 567 522 578 571
[L] sm_l2
[D] 291 287 296 453 458 453 442 469 452 445 312 455 304 460 458 460 321 468 422 477 473 437 438 451 440 435 470 469 436 433 450 433 437 423 459 429 476 464 441 434 441 290 451 459 436 453 350 328 354 452 357 269 311 446 313 283 359 332 346 279 338 279 338 327 286 336 346 338 358 327 363 260 308 315 277 341 278 289 338 274 326 327 446 400 350 316 354 345 327 350 325 317 334 333 338 333 324 325 301 356
[/DATA]
