[INFO]
experiment_name patents_main
variable K
N 240547
M 240547
K 128
sparsity 0.99999
description Compare matrices with K=[32,128,256] for patents_main data set
runtime 53
n_warmup_iterations 15
sequence_number 2
[/INFO]
[DATA]
[L] Baseline
[D] 1458 1496 1455 1494 1440 1458 1485 1458 1449 1476 1429 1459 1439 1494 1464 1778 1842 1470 1462 1450 1457 1474 1456 1454 1422 2165 1325 1471 1473 1497 1766 1827 1315 1438 1457 1871 1463 1447 1462 1445 1871 1334 1457 1460 2163 1454 1429 1456 2057 1338 1426 1802 1366 1444 1437 2046 1779 1463 1477 1454 1495 1487 1569 1667 1652 1697 9154 9342 1417 1605 1340 1426 1431 1811 1598 1439 1435 1426 1433 1798 1314 1420 1407 1713 1443 1424 1791 1431 1953 1454 1508 2152 1538 1541 2237 1657 1724 2323 1715 1754 1750 1783 2422 1814 10020 9432 9161 1460 1460 1477 1495 1480 1486 1996 1463 1755 1959 1475 1475 1491 1490 1754 1481 1465 1452 1447 9405 2384 1542 1514 2072 1585 1579 1579 2148 1973 1561 1576 1555 1549 1572 1552 1543 1553 1572 1530 9511 9315 1491 1487 1500 1505 1477 1463 1519 1467 1823 1993 2092 1456 2008 1956 1980 1921 1995 1486 1512 9401 10189 1647 2090 1674 1647 1674 1686 1694 1631 2084 2131 1635 1673 1675 1652 1679 1630 2045 2532 1685 1651 1643 11027 9070 2090 1592 1595 1555 1569 2061 2072 2113
[L] cuSPARSE
[D] 1117 1116 1162 1512 1483 1073 1192 1082 1163 1192 1122 1134 1008 1136 1461 1178 1171 1102 1197 1178 1167 1208 1564 1516 1197 1050 1059 1002 1122 1107 1177 1215 1192 1474 1240 1172 1183 1092 1203 1059 1137 1446 1200 1199 1065 1157 1172 1159 1448 1333 1584 1191 1194 1147 1135 1120 1049 1173 1087 1218 1197 1085 1199 1076 1158 1180 1135 1165 1501 1195 1107 1128 1485 1716 1194 1196 1152 1064 1120 1135 1161 1167 1177 1492 1519 1496 1263 1173 1196 1069 1169 1079 1180 1087 1151 1081 1185 1081 1132 1041 1106 971 1036 1183 1574 1179 1134 1517 1117 1111 1290 1076 1174 1054 1096 1037 1150 1076 1170 1083 1180 1077 1173 1082 1176 1083 1150 946 1098 1077 1079 1172 1166 1165 1155 1530 1510 1571 1137 1088 1068 1031 1075 1026 1192 1085 1177 1044 1159 1165 1162 1305 1159 1177 1444 1058 1011 1077 1126 1182 1135 1184 1060 1163 1040 1068 1187 1164 1173 1189 1079 1170 1157 1166 1161 1153 1172 1133 1059 1051 1116 1166 1455 1424 1412 1172 1167 1190 1180 1079 1165 1024 1109 1053 1125 1059 1173 1262 1178 1188
[L] sm_l2
[D] 1020 900 880 886 875 1013 997 1048 1036 1059 1027 1018 1022 871 1079 1034 1032 983 1035 870 866 909 1111 1035 865 1016 1032 898 869 876 867 909 976 867 890 916 876 895 897 864 889 906 982 901 915 895 877 902 897 898 879 878 869 873 893 904 920 927 901 900 903 903 883 882 867 881 900 868 890 893 910 910 1028 870 894 900 883 989 880 1020 1002 879 920 904 1019 1028 1133 886 1042 1046 876 1125 1022 1128 862 1058 872 1017 873 875 876 1019 903 1020 884 1034 1027 1024 875 907 1037 1045 985 1029 879 870 1050 895 877 930 893 1010 867 906 914 916 896 917 872 901 976 867 865 870 871 901 896 907 875 865 919 913 867 897 909 918 877 882 907 867 892 876 882 891 866 903 901 902 879 874 870 909 877 896 896 1136 1017 899 1027 1020 1121 902 886 1002 872 1132 1003 1030 1015 1013 869 1018 1020 865 965 1046 1012 1057 891 1017 1027 1036 895 894 982 867 1013 1028 1016 1171
[/DATA]
