[INFO]
experiment_name patents_main
variable K
N 240547
M 240547
K 256
sparsity 0.99999
description Compare matrices with K=[32,128,256] for patents_main data set
runtime 39
n_warmup_iterations 10
sequence_number 3
[/INFO]
[DATA]
[L] Baseline
[D] 3730 3787 3797 3805 3773 3765 3814 3802 3842 3771 3778 3805 3807 3772 3799 3799 3810 3746 3792 3767 3808 3778 3819 3850 3761 3798 3824 3813 3832 3809 3822 3746 3757 3776 3778 3776 3796 3786 3803 3811 3776 3725 3744 3715 4006 3957 3956 3940 3703 3745 3728 3770 3701 3737 3704 3715 3697 3713 3751 3716 3786 3755 3774 3704 3732 3742 3708 3920 3964 3953 3938 3964 4008 4125 4170 4142 4047 4134 4062 4102 4127 4092 4118 4113 4087 4081 3968 4034 4064 4043 4099 4083 4093 4100 4037 4078 4076 4089 4042 4065
[L] cuSPARSE
[D] 1827 1702 1836 1806 1750 1831 1877 1820 2058 1808 1888 1734 1776 1883 1750 1780 1884 1808 1803 1753 1881 1831 1720 1812 1915 1791 1802 1871 1833 1717 1804 1801 1783 1804 1806 1843 1829 1810 1825 1745 1800 1888 1838 1778 1814 1801 1764 1802 1884 1745 1863 1800 1761 1727 1815 1885 1807 1889 1875 1835 1787 1892 1854 1802 1736 1712 1812 1807 1808 2022 1886 1739 1832 1882 1818 1706 1880 1873 1730 1774 1809 1828 1749 1832 1827 1760 1777 1827 1826 1742 1828 1832 1766 1798 1849 1844 1768 1840 1829 1792
[L] sm_l2
[D] 1382 1374 1400 1378 1368 1395 1391 1382 1393 1386 1381 1375 1369 1383 1372 1405 1353 1388 1364 1378 1367 1367 1402 1419 1378 1384 1378 1369 1368 1360 1380 1372 1370 1486 2200 1549 1496 1498 1335 1334 1508 1432 1533 1509 1507 1366 1517 1514 1509 1535 1574 1507 1367 1505 1610 1493 1533 1503 1517 1518 1522 1348 1516 1379 1519 1529 1501 1541 1509 1400 1382 1380 1395 1358 1364 1369 1371 1411 1374 1343 1336 1354 1368 1401 1359 1414 1374 1348 1369 1367 1395 1387 1376 1371 1363 1352 1365 1411 1377 1370
[/DATA]
