[INFO]
experiment_name patents_main
variable K
N 240547
M 240547
K 32
sparsity 0.99999
description Compare matrices with K=[32,128,256] for patents_main data set
runtime 38
n_warmup_iterations 15
sequence_number 1
[/INFO]
[DATA]
[L] Baseline
[D] 422 422 423 515 371 421 410 386 374 423 419 419 384 386 383 386 383 384 381 412 386 416 376 423 346 422 411 386 418 419 417 414 375 390 369 422 421 373 420 422 412 374 418 400 419 421 420 376 385 367 372 378 364 364 364 374 373 368 363 365 378 382 365 368 369 366 375 364 362 369 365 367 364 367 361 366 363 366 366 367 2028 2049 2167 1981 2041 2041 2027 2007 2011 2088 5792 2079 2064 4153 2066 2100 2094 2288 3305 2108 2073 2333 2900 4946 2138 2091 2101 2088 3066 2072 2101 2121 2122 2106 2100 2124 2151 2114 2111 2185 2100 2141 2095 2146 2111 2104 2199 2235 5609 2284 2286 4945 4389 12109 5053 2059 2105 2144 2139 2393 2237 2116 2091 2139 2116 2151 2158 2114 2311 2451 2095 2133 2097 2189 2091 2142 2155 12183 4364 2305 2376 2158 2167 2154 2114 2219 2360 2386 2130 2178 2171 2167 2324 2487 2291 2323 2243 2372 2284 2135 4549 12361 4565 4888 5413 2146 2168 2148 2132 2146 2178 2125 2275 2444 2349 2379 2141 2150 3456 2099
[L] cuSPARSE
[D] 532 577 552 551 565 551 449 552 566 581 461 540 516 507 508 526 518 499 525 524 526 512 515 495 522 511 406 506 535 520 493 515 578 495 503 514 411 502 509 435 501 516 518 539 524 954 423 515 504 414 502 525 534 504 520 508 412 513 522 424 515 521 428 508 518 501 519 522 505 498 534 509 419 499 508 412 512 524 425 496 523 667 508 505 510 523 490 516 501 530 509 419 497 529 435 520 508 542 485 503 584 408 506 509 427 503 514 517 522 591 419 524 551 563 496 532 555 419 508 515 418 512 527 413 503 526 536 526 533 530 498 514 527 802 568 548 557 530 549 451 537 560 564 486 529 557 561 577 560 540 530 543 525 527 542 543 579 502 530 531 548 453 533 546 539 427 537 522 538 541 514 546 524 532 554 515 521 410 519 519 538 449 513 543 549 432 532 527 630 563 529 556 505 561 572 565 523 490 498 510
[L] sm_l2
[D] 268 444 453 457 492 430 292 449 466 274 442 459 442 461 472 459 441 460 586 466 470 476 469 464 299 291 466 460 295 277 290 282 308 285 283 282 279 276 260 317 372 283 265 281 473 277 339 439 279 331 275 463 389 295 316 285 434 277 278 330 278 284 280 545 260 277 270 273 278 453 296 454 316 271 276 263 316 556 276 276 276 277 287 544 277 276 279 273 290 257 277 267 257 281 272 443 432 273 292 426 438 440 290 432 284 266 433 441 393 298 306 253 274 420 272 297 426 262 441 295 439 508 290 458 448 442 469 458 439 270 395 296 477 444 281 441 406 441 472 285 269 576 345 466 439 423 273 436 355 274 272 324 465 286 270 283 377 277 439 280 289 339 274 428 291 272 307 270 348 434 285 332 272 287 264 301 327 295 287 288 362 280 435 443 357 328 320 344 324 281 282 276 288 298 277 284 320 429 360 327
[/DATA]
