[INFO]
experiment_name patents_main
variable K
N 240547
M 240547
K 128
sparsity 0.99999
description Compare matrices with K=[32,128,256] for patents_main data set
runtime 29
n_warmup_iterations 10
sequence_number 2
[/INFO]
[DATA]
[L] Baseline
[D] 1412 1429 1438 1427 1337 1422 1787 1608 1304 1866 1328 1433 1441 1773 1405 1453 1437 1814 1450 1424 1400 1453 1458 1323 1435 1778 1382 1923 1426 1401 1431 1423 1407 1437 1422 1427 1330 1444 1787 1769 1314 1402 1395 1412 1398 1765 1671 1422 1434 1431 1442 1409 1914 1427 1388 1400 1933 1425 1419 1460 1477 1505 1487 1627 1545 1586 1695 9238 9055 1645 1624 1741 2079 2085 1657 1636 1636 1630 1656 1641 1727 2083 1642 1637 1687 1649 1669 1630 8989 9348 1403 1412 1409 1790 1379 1400 1415 1310 1809 1410
[L] cuSPARSE
[D] 1070 1010 1033 1048 1089 1218 1142 1119 1169 1105 1080 1144 998 1277 1107 1038 1165 1169 1109 1515 1207 1126 1190 1209 1119 1204 1168 1045 1145 1121 1065 1550 1208 1125 1128 1118 1206 1131 1468 1149 1060 1223 1146 1077 1174 1141 1140 1301 1207 1127 1232 1214 1140 1150 1137 1132 1075 1233 1216 1120 1213 1042 1161 1131 1120 1529 1215 1071 1137 1042 1163 1409 1235 1229 1295 1210 1218 1209 1122 1206 1123 1164 1141 1035 1192 1560 1214 1127 1214 1205 1230 1214 1129 1127 1213 1157 1182 1141 972 1183
[L] sm_l2
[D] 922 921 958 915 915 939 926 918 945 881 921 917 933 917 925 917 918 914 921 929 1045 879 1065 1067 1066 900 883 990 989 1069 1039 1031 1026 1014 1021 1012 1071 895 1013 1051 1040 1024 1045 903 979 1047 1029 1037 1042 1056 1039 1024 992 1017 911 1044 885 902 1033 1132 1020 1071 913 1028 909 888 884 932 925 996 878 914 910 937 928 945 918 933 897 923 911 936 914 920 898 912 1014 923 912 911 881 908 908 909 914 923 912 914 922 913
[/DATA]
