[INFO]
experiment_name sparsity_large_K128
variable sparsity
N 102539
M 102539
K 128
sparsity 0.9995
description Compare matrices with K=128 for varying sparsity on large dataset
runtime 90
n_warmup_iterations 5
sequence_number 4
[/INFO]
[DATA]
[L] Baseline
[D] 13513 13780 13062 13537 12725 13225 13390 80286 80392 85903 13661 12865 13746 80073 12923 13411 13500 80181 80343 12950 12671 12876 80165 15414 15997 15348 80386 80329 80086 13194 13084 13629 80295 14476 14428 14417 80577 17250 16836 18273 80090 16232 16850 16722 80381 80400 13610 13412 13894 80163 15224 15231 15709 80228 84974 80245 13038 12612 13282 80296 14257 14550 13489 80099 80395 14516 15112 14095 80317 80305 14029 14078 14119 80209 80369 13257 13482 13372 80244 80246 13353 12871 12459 80031 16557 16682 16739 80572 83963 13346 13379 13562 80197 14713 14736 13729 83024 80288 14407 15028
[L] cuSPARSE
[D] 7182 7189 7158 7131 7192 8143 7134 3851 3903 3887 3890 3855 3885 3893 3889 3887 3890 3856 3896 3904 3899 3901 3900 3909 3901 3900 3873 3918 4245 4604 3881 4242 3851 3891 4569 3764 3879 4215 3845 3876 3807 3900 3888 3871 3907 3870 3872 3870 3896 3875 3790 3872 3895 3842 3855 3881 3850 3850 4210 3768 3873 3869 3894 3863 4194 3868 3871 3881 4220 3786 3873 3885 3874 3869 3779 3888 3870 3872 3846 3877 3850 3848 3855 3878 3871 3843 3865 3839 3872 3861 3854 3876 3871 3870 3873 3854 3792 3870 3869 3884
[L] sm_l2
[D] 10901 10909 10954 10890 11851 10921 10958 10955 10889 10902 10912 10983 10898 10894 10943 10922 10904 11004 10960 10920 10959 10909 10906 10912 10919 10903 11004 10918 10892 11049 10917 10908 10925 10943 10936 10889 12194 11020 11358 10992 10920 10890 11228 10916 10940 10895 10913 10910 11046 10917 10893 11061 10922 10872 10904 10922 10894 10923 11062 10900 10953 10917 10897 10930 10906 10904 10891 10883 11367 10884 10902 10932 10895 10893 10928 10947 10924 10891 10905 10901 10958 10988 10929 10930 10901 10917 10897 10900 10881 10980 11107 10909 10923 11068 10915 11032 10914 10903 10904 10910
[/DATA]
