[INFO]
experiment_name sparsity_large_K128
variable sparsity
N 102539
M 102539
K 128
sparsity 0.995
description Compare matrices with K=128 for varying sparsity on large dataset
runtime 762
n_warmup_iterations 5
sequence_number 2
[/INFO]
[DATA]
[L] Baseline
[D] 121980 123483 121839 122471 121951 121808 121759 121938 121853 121713 121856 147169 121986 121971 121899 121937 121739 121887 121623 122525 121846 122438 121918 121711 122641 122328 122008 123019 122618 150712 121693 122900 121922 122041 139373 121964 121971 123524 121916 121842 123437 121676 121570 137446 121822 121901 123380 121838 121834 123178 122273 122071 123128 122508 176757 123314 177205 121639 123230 122241 121999 122031 122072 121795 123014 121935 121741 123063 122395 121921 135610 121770 121964 123462 182468 121800 122967 122644 122102 121716 122528 121786 122843 121789 121825 121731 122821 137508 123431 123237 165035 123735 164968 121725 121972 122231 121877 121948 121868 122700
[L] cuSPARSE
[D] 36159 36166 36185 36137 36169 36135 36172 36175 37101 36184 36163 36178 36142 36167 36155 36435 36141 36138 36143 36150 36184 36143 36135 36148 36159 36148 36139 36153 36170 36179 36172 36137 36183 36191 36192 36150 36450 36160 36128 36142 36162 36187 36168 36681 36133 36145 36145 36163 36182 36149 37380 36135 36145 36164 36147 36178 36145 36142 36155 36149 36145 36146 36129 36130 36170 36170 36151 36162 36186 36270 36131 36485 36156 36152 36184 36162 36131 36153 37384 36148 36137 36144 36143 36199 36135 36791 36137 36140 36134 36139 36198 36147 36142 36178 36143 36176 36170 36170 36170 36809
[L] sm_l2
[D] 51517 51503 51502 51583 51606 51504 51469 51630 53053 51446 51518 53019 51499 51538 52901 51431 51481 53040 51484 52100 51636 51636 51497 51645 51493 51501 51545 51472 51483 51493 51479 51484 51614 52298 51504 51454 52413 51531 51564 53009 51478 51461 52921 51501 51518 53212 51493 51632 51552 51593 51507 51582 51473 51462 51644 51676 51514 51487 51631 51485 51652 52781 51463 52733 53299 51455 52736 52636 51447 51679 52928 51496 51478 52936 51530 51567 52658 51509 51593 51659 51464 51599 51632 51509 51555 51654 51618 51492 51636 51703 51509 51526 52388 51451 51482 51521 51517 51451 51459 51503
[/DATA]
