[INFO]
experiment_name sparsity_large_K128
variable sparsity
N 102539
M 102539
K 128
sparsity 0.9999
description Compare matrices with K=128 for varying sparsity on large dataset
runtime 29
n_warmup_iterations 5
sequence_number 5
[/INFO]
[DATA]
[L] Baseline
[D] 2892 2903 2905 2929 2859 2940 2920 2912 2949 2930 2900 2964 2922 2982 2859 2985 2967 2993 2903 2901 2924 2914 2962 2857 3199 2867 2869 2880 2955 2859 2868 2933 2881 2892 2862 2928 2954 2845 2932 2920 2881 2947 2869 2899 2880 2902 2968 2948 21356 21768 3565 3746 3767 3827 3825 4017 4254 4254 5148 21936 20781 25173 21630 22009 20911 20854 21740 21583 24364 21858 21746 21651 20588 19316 21875 22047 21666 19451 21829 25611 21439 21186 21404 21468 21441 21435 21269 19245 3756 3730 3723 3776 3745 3743 3769 3756 3753 3768 3775 4873
[L] cuSPARSE
[D] 13225 16353 16080 16213 908 956 946 950 947 944 945 948 949 941 916 918 937 952 954 943 952 947 944 947 948 942 952 948 950 956 949 946 949 1313 947 947 943 941 943 919 957 954 947 946 943 1203 935 953 980 921 940 947 947 948 947 1282 947 942 941 956 949 1199 914 948 942 946 942 949 1255 951 947 865 944 856 1244 943 946 940 944 950 945 942 914 957 947 942 950 946 952 947 949 949 1246 947 955 945 948 949 1276 936
[L] sm_l2
[D] 3069 2889 2894 3065 2887 3062 3068 2885 3003 2915 2850 3061 2929 3154 2880 2888 2928 2925 2914 2899 2898 2886 2884 2974 2896 2896 2884 3058 2903 2901 2908 2883 2885 3345 2946 2911 2893 3048 2913 2893 2894 2881 2932 2913 2895 2902 2890 2912 2870 2866 2910 2887 2923 2890 2887 2896 2884 2883 2927 2947 2892 2878 3639 2905 2894 2893 3063 2911 2898 2885 2891 2941 2943 2913 2924 2933 2896 3062 2915 3094 2899 2903 3090 2914 3058 2901 2896 2893 3059 2890 3053 3100 3055 2885 2888 3016 2893 3077 3046 3063
[/DATA]
