[INFO]
experiment_name sparsity_large_K128
variable sparsity
N 102539
M 102539
K 128
sparsity 0.999
description Compare matrices with K=128 for varying sparsity on large dataset
runtime 168
n_warmup_iterations 5
sequence_number 3
[/INFO]
[DATA]
[L] Baseline
[D] 24968 24931 157659 25325 31461 81795 30763 136189 25021 31227 158253 24940 31714 159181 24929 32011 115095 24949 31115 35296 158073 157786 25542 31913 31488 127962 24971 128190 26089 152630 25376 32078 158078 24950 162543 25357 72741 28853 158094 26266 157831 24629 157807 25036 162945 25399 143941 25755 31076 103172 25610 153798 25442 31998 157517 24877 31664 157816 24986 31433 133737 25938 31469 33973 107026 24934 149701 26221 155581 25268 33041 158561 25013 157636 25501 32061 79722 32122 141368 25101 32391 157842 24923 32558 89066 33686 33218 32090 158030 27042 202733 25159 33892 32957 44322 132480 24881 121450 25324 122160
[L] cuSPARSE
[D] 8137 8296 7504 7398 7490 7471 7458 7490 7487 7485 7815 7814 8164 7739 8165 8068 8086 7521 7406 7502 7493 8054 8116 8301 8079 8079 7816 7397 7479 7474 7499 8136 8149 7955 7487 7771 8183 7446 8190 7491 7824 7855 7403 8836 7528 7500 7501 7765 8179 8380 7411 7526 7519 8220 7500 7522 8213 7503 7746 7518 7741 8214 7525 8487 8919 8082 8223 7815 7864 7875 7808 8243 7438 7489 8399 7533 8441 8426 7875 8193 8183 8082 8139 7507 8231 7850 8426 7507 7832 7473 7859 8110 7854 7495 8211 7550 8198 7486 7755 7574
[L] sm_l2
[D] 19675 20075 19406 18943 19687 18958 18960 19073 19982 19418 19608 19148 19220 19118 19463 19497 20204 19651 19489 19412 19561 19325 19449 19603 19411 19455 19378 19118 19721 19897 19411 19010 20245 18989 18962 19000 18948 18961 18977 19054 19106 20230 19719 19760 20025 19553 19857 19115 20462 20029 20226 18944 19003 19153 19408 19153 19110 18972 19096 19878 19681 19118 18973 20647 18981 20426 19079 20062 19000 19047 20187 18972 18928 18979 18949 19012 18956 18990 18988 20994 19040 19240 18973 18958 18981 19037 19550 19541 19560 19535 20313 18917 19789 19097 19064 19848 19783 19745 19515 18987
[/DATA]
