[INFO]
experiment_name sparsity_large_K128
variable sparsity
N 102539
M 102539
K 128
sparsity 0.99
description Compare matrices with K=128 for varying sparsity on large dataset
runtime 1520
n_warmup_iterations 5
sequence_number 1
[/INFO]
[DATA]
[L] Baseline
[D] 247612 249317 247563 246626 247395 246976 248888 247184 247538 246708 247118 247496 246555 247012 247039 246873 248391 247176 246644 246860 247175 247006 247402 247134 247474 247598 247209 247777 245663 247578 247825 246782 247558 247364 246974 247496 245585 246958 249172 247343 246640 248701 247523 247408 248784 247309 247169 249249 247168 247286 248452 246982 246932 249154 247336 246613 247184 248223 248163 247549 246781 247028 247159 247616 249101 247480 246644 248064 247421 247630 247355 247285 247499 247408 247646 247976 245888 247710 248695 246424 247501 247821 246697 247440 248612 246679 247444 247907 247295 247186 248593 247303 247832 246853 247721 248498 246996 247416 248552 247245
[L] cuSPARSE
[D] 72044 72074 72054 73003 72126 72137 72136 72127 72098 72077 72737 72137 72167 72132 72054 72035 72087 72098 72096 72064 72072 72054 72106 72125 72128 72159 72168 72126 72070 72064 72123 72104 72122 72136 72078 72016 72087 72141 72142 72062 72127 72156 72095 72088 73346 72135 72180 72069 72488 72407 72032 72120 72024 73362 72172 72063 72116 72060 72101 72134 72103 72132 72069 72082 72113 72067 72061 72079 72034 72133 72068 72453 72023 72072 72067 72112 72126 72097 72103 72091 72131 72073 72175 72093 72025 72089 72070 72066 72153 73575 72053 72099 72125 72109 72115 72113 72057 72073 73327 72092
[L] sm_l2
[D] 59552 59478 59354 59498 59585 59381 59313 60831 59551 59452 59527 59565 59350 59363 59379 59370 59586 59490 59556 59400 59443 59413 59457 59440 59464 59494 59449 59353 59418 59498 60895 59546 59661 59614 60848 59528 59406 59412 59444 60172 59479 59379 59470 59524 59398 59538 59412 59348 59458 59666 59312 59362 59448 61513 59274 59364 59581 59806 59385 59294 59259 59299 59473 59526 59275 59268 60653 59492 59218 59411 59344 60124 59533 59629 59362 59328 59575 59317 59590 59450 59442 59513 59413 59363 60024 59456 59337 59495 59980 59356 59413 59347 59354 59561 59437 59520 59542 60079 59347 59366
[/DATA]
