[INFO]
experiment_name sparsity_large_K32
variable sparsity
N 102539
M 102539
K 32
sparsity 0.995
description Compare matrices with K=32 for varying sparsity on large dataset
runtime 254
n_warmup_iterations 5
sequence_number 2
[/INFO]
[DATA]
[L] Baseline
[D] 18237 18192 18218 18483 18193 18209 18193 18192 18244 18183 18199 18538 18182 18191 18194 18196 18197 18228 18490 18195 18233 19444 18232 18177 18556 18895 18188 18190 18236 18169
[L] cuSPARSE
[D] 9487 9508 14895 14875 14879 14897 14851 14916 14887 14896 14910 14913 14936 14901 14938 14953 14967 14932 14903 14962 14953 14939 14958 14937 15681 14952 14956 14913 14942 14900
[L] sm_l2
[D] 4394 4384 4419 4488 4971 4507 4402 4356 4512 4491 4417 5466 4813 4862 4733 4798 4371 4397 4363 4353 4512 4482 4954 4493 4478 4389 4981 4831 4721 4352
[/DATA]
