[INFO]
experiment_name imdb
variable K
N 428440
M 896308
K 32
sparsity 0.99999
description Compare matrices with K=[32,128,256] for IMDB data set
runtime 22
n_warmup_iterations 5
sequence_number 1
[/INFO]
[DATA]
[L] Baseline
[D] 2313 2327 2345 2330 2296 2286 2314 2926 2294 2961 14949 14946 16505 14781 15012 15061 14919 16717 14861 14692 15015 14732 14975 14836 14908 14958 14748 17525 14655 16485
[L] cuSPARSE
[D] 1677 1868 1939 1882 1888 1902 1554 2015 1543 2058 1614 1439 1583 1585 1568 1611 1582 1541 1595 1485 1573 1532 1478 1805 1460 1526 1910 1404 1554 1581
[L] sm_l2
[D] 1166 1021 1159 1138 1159 1158 1239 1169 1028 1180 1039 1168 1158 1273 1161 1180 1171 1138 1033 1025 1026 1162 1170 1161 1153 1178 1027 1159 1162 1153
[/DATA]
