[INFO]
experiment_name patents_main
variable K
N 240547
M 240547
K 256
sparsity 0.99999
description Compare matrices with K=[32,128,256] for patents_main data set
runtime 13
n_warmup_iterations 5
sequence_number 3
[/INFO]
[DATA]
[L] Baseline
[D] 3823 3691 3821 3760 3798 3797 3774 3827 3709 3841 3763 3730 3835 3806 3784 3785 3787 3818 3821 3798 3768 3841 3732 3807 3865 3752 3788 3821 3863 4295
[L] cuSPARSE
[D] 1696 2093 1785 1782 1624 1793 1761 1789 1764 1708 1667 1765 1793 1764 1786 1816 2132 1693 1791 1870 1693 1799 1850 1727 1686 1748 1754 1695 1789 1877
[L] sm_l2
[D] 1337 1329 1359 1326 1322 1344 1341 1327 1358 1340 1448 1372 1832 1324 1439 1345 1323 1338 1326 1329 1440 1329 1328 1335 1314 1310 1512 1418 1415 1461
[/DATA]
