[INFO]
experiment_name sparsity_large_K128
variable sparsity
N 102539
M 102539
K 128
sparsity 0.99
description Compare matrices with K=128 for varying sparsity on large dataset
runtime 1609
n_warmup_iterations 10
sequence_number 1
[/INFO]
[DATA]
[L] Baseline
[D] 249126 247758 246445 250066 247237 247085 246299 247487 249692 246840 247202 245718 247903 249099 247476 247527 247590 247354 248083 245547 247672 245019 247819 247221 247176 247237 247277 247551 247117 246318 247578 247141 247503 247448 245787 247534 249389 246995 246870 246102 246495 246102 247724 249531 247129 247831 249505 247530 247185 246033 247260 248779 245755 247661 249225 246353 247081 246207 247636 248540 244867 247696 246216 247278 248288 246076 247479 247932 247116 247672 247220 247570 247383 247666 247092 247647 249238 247022 247692 250541 247108 247022 248208 246979 247478 249932 247060 247861 249873 247621 246689 249149 247387 247602 249289 248137 247057 244345 247464 248158
[L] cuSPARSE
[D] 72037 72093 72038 72110 72000 73844 72023 72056 72109 72048 72066 72069 72100 72105 72083 72100 72114 73779 72080 72117 72064 72127 72100 72045 72388 72078 72029 72088 72083 73554 72113 72101 72103 72123 72059 72082 72922 72033 72056 72095 72094 72101 72101 72108 72043 72091 72081 72105 72363 72100 72061 72103 72081 72085 72101 73818 72129 72088 72145 72136 72411 72083 72047 72057 72060 72068 72119 72179 72140 72084 72040 72072 72105 72098 72109 72102 72058 72087 72090 72699 72055 72091 72069 72097 72091 72085 72434 72035 72062 72097 72091 72696 72126 72091 72109 72079 72059 72067 72114 72122
[L] sm_l2
[D] 37774 37661 37920 37670 38175 37933 37849 38181 38204 39240 38052 37940 37747 38077 38448 38030 38095 38247 38150 38248 38271 38317 37775 38044 37973 37802 37919 38422 38614 38085 38372 37861 38165 38349 38574 38346 38043 38229 37978 38067 38301 38476 38075 38075 37937 38285 38110 38392 37982 38275 38413 38416 38278 38438 37810 38412 37871 37909 38027 38173 38549 38330 38494 37894 38432 38381 38880 37897 37877 37724 38006 38566 38188 38169 38229 38403 38466 37890 38157 39546 38591 38472 38445 38322 38349 38101 38296 38242 37917 37638 37726 37830 37798 38288 38136 38006 37727 38179 38368 37700
[/DATA]
