[INFO]
experiment_name sparsity_large_K128
variable sparsity
N 102539
M 102539
K 128
sparsity 0.9995
description Compare matrices with K=128 for varying sparsity on large dataset
runtime 177
n_warmup_iterations 15
sequence_number 4
[/INFO]
[DATA]
[L] Baseline
[D] 13762 13723 13518 80547 14427 14495 13319 80654 79787 13532 13519 13506 83407 14952 14037 15035 80472 80360 16022 16429 15980 80388 17419 17348 16209 83504 17401 17578 16530 86189 80276 14050 14956 14132 80369 15918 16017 16050 83527 80388 13492 13536 14385 80622 15831 15695 14891 80705 83974 13731 13452 12724 80195 13945 13897 14764 80319 80213 14423 14455 14693 83625 14807 14738 13791 80176 14605 15444 14356 80334 15516 16337 15495 83726 83636 13028 13023 13400 80295 13458 13409 14287 80270 15893 16094 17015 84050 80361 13727 14074 14501 80385 15945 16082 15368 79987 83508 13112 12850 13391 79928 13496 13991 14468 84427 80196 13117 13400 13390 85970 16804 17933 18962 80368 80073 14927 15968 16013 80434 16906 16983 16343 80147 17805 17053 16582 80370 80310 13373 13401 13072 80158 14454 14241 14997 80166 83481 15670 14833 15646 80660 80109 13356 13344 13375 80210 13460 13904 13920 89345 79978 13207 13602 13617 85091 80281 13705 13753 13404 90321 14704 13816 14899 80469 80477 14132 15500 15245 79929 83777 15417 15341 15661 80478 82392 12743 13741 13853 80491 14306 14484 14608 80323 16153 16476 15696 80192 80354 16766 16215 16202 80335 17299 17798 18600 83872 80320 13210 12828 12812
[L] cuSPARSE
[D] 3843 3880 3882 3879 3894 4578 3805 3881 3905 3884 3893 3875 3898 3876 3896 3972 3777 3840 4828 3781 3853 3878 3889 3842 3883 3877 3851 3881 3885 3837 3878 3839 3842 3874 3881 3878 3889 3879 4235 3839 3810 3870 3875 3874 3876 3877 4772 3783 3893 3875 3863 3871 3896 3871 3876 3868 3879 3875 3859 3893 3874 3968 4220 3786 3873 3872 4525 3754 3873 3876 3837 3873 3872 3838 3866 3837 3873 3878 4523 3783 3837 4760 3780 3838 4535 3889 3796 3878 4520 3870 3885 4197 3878 3840 4781 3783 3855 3873 3891 3872 3884 3872 3886 3874 3885 3844 3866 4194 4229 3779 3867 3865 3862 3879 3780 3861 3870 3889 3863 3861 4499 3889 3866 3859 3841 4217 3783 3863 3862 3884 3861 3781 3869 4209 4451 3847 3866 3885 3780 3866 3865 3884 3860 3840 3904 3871 3865 3869 3879 4191 3780 3863 3888 3866 4192 3778 3885 3867 4145 4435 3838 3890 3865 3866 3860 3807 3866 3866 3865 3858 3847 3865 3872 3875 3856 3845 4286 3783 3869 3867 3878 3866 3777 3868 3874 3871 3786 3867 3867 3850 3857 3862 3861 3869 3865 3845 4180 3802 3864 3870
[L] sm_l2
[D] 8729 8752 8895 8753 8750 8774 8738 8901 8756 9595 8879 8876 8930 8902 8735 8868 8874 8755 8889 8872 9045 8873 8731 9721 8879 8870 8884 8745 8866 8763 8966 8845 8878 8738 8907 8865 8858 8874 8888 8726 8785 8763 8774 8762 8747 8757 8730 8744 8862 8714 8771 8772 8743 8773 8716 9614 8717 8751 8750 8765 8787 8759 8745 8725 8758 8857 9613 8771 8750 8753 8761 8720 8748 9407 8878 8884 8759 8856 8741 8879 8864 8871 8879 8934 9233 8769 8735 8901 8723 8894 8722 8725 8885 8715 8743 8862 8726 9421 9124 8870 8711 8883 8734 8739 8740 8830 8717 8710 8768 8709 8969 8710 8727 8733 8737 8748 8872 8739 8727 8729 8787 8795 8731 8820 8729 8782 8780 8760 8776 8793 8741 8756 8741 8769 8750 8860 8912 8706 8732 8750 8860 8849 8731 8750 8882 8856 8858 8873 8887 8848 8890 8898 8858 8869 8851 9391 8710 8869 8878 8889 8878 8896 8712 8868 8864 8719 8848 8741 8739 8870 8773 8761 8709 8759 8741 8717 8745 8745 8747 8778 9275 8891 8742 8750 8772 8748 8720 8766 8741 8761 8755 8792 8740 8717 8980 8763 8775 8740 8735 8713
[/DATA]
