[INFO]
experiment_name sparsity_large_K128
variable sparsity
N 102539
M 102539
K 128
sparsity 0.9999
description Compare matrices with K=128 for varying sparsity on large dataset
runtime 32
n_warmup_iterations 10
sequence_number 5
[/INFO]
[DATA]
[L] Baseline
[D] 2937 2960 2960 2940 2984 2922 2978 2958 2881 2955 2861 2933 2976 2963 2904 2961 2852 2985 2874 2860 2943 2849 2842 2894 2891 2901 3236 2923 2832 2855 2941 2926 2891 2957 2924 2895 2960 2907 2961 21458 20732 21675 19587 20699 19501 17663 21650 21882 21970 21913 21506 19633 22077 22645 21652 21928 21608 17941 21872 21851 21907 22004 22091 21875 21539 19428 21893 21738 21893 17744 21759 19540 21735 21895 18086 21705 21548 22836 19496 21699 21683 21378 18969 25659 21750 21693 21664 3497 3488 3487 3454 3483 3497 3497 3507 3506 3465 3496 3495 3428
[L] cuSPARSE
[D] 940 946 1249 944 947 948 940 959 940 958 952 911 938 943 971 920 917 943 946 949 943 947 944 942 931 916 1254 936 940 946 947 946 940 859 936 945 918 919 1298 952 1441 947 952 948 950 938 967 973 966 967 965 968 968 967 941 973 968 966 968 970 966 967 923 915 965 936 972 921 961 969 966 969 967 967 964 972 937 863 967 968 968 962 974 966 963 966 970 968 966 966 910 943 970 965 965 940 965 963 966 966
[L] sm_l2
[D] 2491 2523 2539 2410 2529 2520 2525 2411 2431 2404 2472 2419 2554 2384 2416 2437 2415 2398 2417 2382 2421 2391 2414 2362 2391 2396 2375 2433 2377 2494 2374 2425 2407 2389 2452 2383 2421 2437 2438 2427 2414 2388 2394 2398 2428 2380 2434 2431 3336 2530 2408 2391 2378 2385 2431 2395 2375 2525 2630 2378 2531 2401 2528 2530 2388 2529 2541 2393 2565 2537 2416 2544 2534 2545 2525 2547 2524 2548 2534 2617 2377 2514 2530 2542 2532 2534 2622 2527 2562 2405 2530 2535 2361 2400 2545 3117 2526 2530 2438 2495
[/DATA]
