[INFO]
experiment_name sparsity_large_K128
variable sparsity
N 102539
M 102539
K 128
sparsity 0.99
description Compare matrices with K=128 for varying sparsity on large dataset
runtime 2987
n_warmup_iterations 15
sequence_number 1
[/INFO]
[DATA]
[L] Baseline
[D] 247604 249280 247446 249463 248554 247561 249833 247538 249322 247937 248308 248716 247872 248117 248350 247681 248951 247871 247787 248560 247369 249271 246949 248370 247734 248370 249177 247846 247894 247642 248761 249162 248129 247249 248124 247706 249458 248247 247827 248076 247656 249583 247505 248103 247425 247397 249495 247447 248525 248899 247804 248417 246633 248768 249081 247956 248626 247289 248269 249075 248559 248608 247659 249081 247341 247776 248054 247405 249141 248046 247837 247463 247579 249527 247494 247702 247676 248002 248951 248349 247023 248740 247621 249778 247651 247958 247786 247589 248446 248153 248830 248398 246992 249372 247262 250224 247628 248282 248681 247136 250062 247149 247814 248290 248017 248990 247660 248620 249003 248392 247356 247774 247136 249666 247677 246924 247307 247130 249029 247319 248307 247478 248137 249355 248356 247531 247944 247905 248782 247717 247993 247820 247309 249114 248028 247179 248141 247606 248896 247805 248195 248930 247983 248434 248030 247663 249509 247325 248732 247106 247954 248214 247506 248882 247465 247727 248815 248215 247110 248193 247670 249996 247385 247933 247136 249148 247236 247097 248874 247308 247644 247761 247339 248872 247621 247902 247551 248339 249253 248300 247715 248172 247648 249758 247715 248503 249035 247286 248510 247826 248601 248248 247726 249773 247386 249646 247636 247619 249146 246861
[L] cuSPARSE
[D] 72067 72139 72803 72090 73004 72104 72091 72048 72149 72105 72784 72764 72796 73022 72795 72161 72725 73432 72094 72107 72796 72449 72076 72111 72099 72100 73328 72092 72071 72127 72103 72105 72092 72094 72117 72125 72107 72060 72125 73259 72087 72126 72110 72054 72160 72159 72140 72116 72132 72060 73349 72099 72106 72137 72116 72096 72097 72098 72100 72125 72115 73313 72130 72054 72166 72135 72116 72986 72100 72098 72757 73058 73825 72860 72141 72138 72122 72135 72103 72097 72127 72068 72157 73316 72070 72137 72094 72148 72168 72111 72115 72123 72114 72129 73327 72132 72124 72172 72118 72088 72109 72116 72987 72746 72102 73054 72125 72727 72156 71999 72080 72105 72069 72110 72126 72112 72111 72061 72095 72139 72073 72163 72072 72079 72122 72076 72086 73362 72119 72138 72123 72076 72179 72091 72777 72726 73034 72695 73055 72131 72130 72060 72106 72082 72123 72120 72079 72076 72089 72130 72067 72148 72091 72122 72093 72131 72122 72026 72078 72073 73589 72071 72099 72105 72102 72093 72139 72092 72084 72107 72066 73310 72143 72127 72121 72087 72108 72074 72076 72081 72111 72177 72120 72135 72728 72108 72067 72119 72759 72113 72769 72777 72751 73773 73047 72812 72780 72733 73075 72784
[L] sm_l2
[D] 38509 38259 38258 37875 38023 39036 38730 38669 38279 38406 38607 38354 39966 38106 38561 38764 38241 38384 39339 39095 38868 38473 38817 38396 39211 38036 38774 38804 38254 38160 39130 38466 38412 38718 38698 38357 38740 38566 39491 38867 38510 38504 38753 39094 38083 38287 38066 38012 39241 37859 38001 38558 37977 38450 38199 37829 38356 37855 38888 38342 38791 38000 38159 38332 37903 38463 38344 38317 39106 38001 38459 38091 38281 38200 39412 38499 38461 38300 38349 37942 37878 38293 38266 38277 39905 38352 38247 37849 38925 38624 38388 38511 38094 37904 40261 38648 37943 38124 37883 38693 39182 37974 38382 38277 38826 38085 38073 38170 38359 37901 38164 38014 38169 38425 38355 38416 38362 37743 37908 38887 38424 38406 38531 38108 37831 38194 38267 38424 38210 38100 38499 38375 38200 38703 38387 38550 38373 39442 38412 38182 37795 38377 38001 38548 38313 39454 38397 38358 38407 38406 38437 39266 38300 38442 38124 37931 39014 38120 38336 38480 38341 37903 38139 38537 38278 38204 38049 38539 38595 38359 37974 38534 38492 38105 38635 38493 38365 38452 38261 38340 38278 38397 38324 37971 39476 39389 38560 38127 38437 37716 38816 37973 38080 38505 38435 37980 37856 38293 38453 39213
[/DATA]
