[INFO]
experiment_name sparsity_large_K128
variable sparsity
N 102539
M 102539
K 128
sparsity 0.999
description Compare matrices with K=128 for varying sparsity on large dataset
runtime 181
n_warmup_iterations 10
sequence_number 3
[/INFO]
[DATA]
[L] Baseline
[D] 25202 30909 124094 24903 31478 164410 24785 31101 158023 26024 158222 25420 100937 25041 73641 29251 159590 25008 31801 35330 158053 25618 31414 34729 163907 32116 31693 157953 24782 30887 41727 157099 24892 31011 39435 159620 24813 31275 36478 149074 24925 31337 35208 157770 24863 31396 36421 158024 24944 31279 35501 157722 24929 31325 36483 158266 24827 30947 39430 105015 24806 30891 124852 24910 30868 41727 161614 159782 25315 31520 157947 26034 158005 25479 119341 25330 32157 122187 25329 82946 26224 104401 24859 93473 26144 101165 24894 91876 26094 105597 24857 100465 26271 97638 26460 157742 24906 31818 34663 159827
[L] cuSPARSE
[D] 8238 8231 7433 7578 7904 15060 14686 14529 8156 8149 7868 7398 8518 7493 8251 8153 7399 8233 7436 7667 8244 7406 8253 8131 7914 8156 7501 8228 7417 8236 7416 8241 7496 8704 7888 7778 7875 7881 7421 8243 7404 8216 7410 8247 7403 7508 8248 7508 8236 7436 7911 8148 7419 7505 8254 7783 7527 7892 7771 7497 8194 7888 7526 8293 7409 8251 8173 7823 7511 7562 7495 7931 8227 8319 8265 8329 8221 8318 8180 7554 8202 7432 13776 14945 14935 7521 7447 7540 7546 7894 7709 7502 7896 8202 7395 7544 7522 7415 7528 7913
[L] sm_l2
[D] 13717 13610 13775 14105 13729 13721 13559 14890 13590 13734 13554 13747 13723 13568 13754 13727 13580 13710 13562 13741 13586 13652 13538 13580 13616 13625 13594 13638 13602 13594 13619 13614 13566 13594 13586 13598 13589 13621 13585 13737 13729 13615 13610 13734 13761 13594 13736 13582 13714 13582 13569 13578 13729 13607 13704 13606 13724 13604 13739 13628 13638 13740 13634 13573 13743 13609 13632 13636 14856 13652 13647 13640 13581 13621 13600 13619 13619 13628 13565 13557 13774 13741 13737 13627 13729 13748 13710 13573 13719 13770 13701 13546 13740 13583 13620 13565 13731 13772 13641 13593
[/DATA]
