[INFO]
experiment_name sparsity_large_K128
variable sparsity
N 102539
M 102539
K 128
sparsity 0.9999
description Compare matrices with K=128 for varying sparsity on large dataset
runtime 60
n_warmup_iterations 15
sequence_number 5
[/INFO]
[DATA]
[L] Baseline
[D] 2924 2996 3019 2918 2940 3073 2902 2923 2979 2988 2951 3013 2970 2984 2986 2889 2960 2949 2934 2981 2937 2875 2954 2900 2952 2916 2947 2963 2946 2976 2844 2952 2979 2944 2834 2943 2927 21130 17966 19077 18106 19386 19125 17825 20833 20572 20631 20877 21096 21223 18989 20377 21022 20800 20861 20649 22346 20720 19683 17626 20979 20730 21147 21155 20812 20684 19167 17775 17675 20694 23421 17080 18009 18428 3660 4167 3567 3553 3561 3582 3611 3634 3560 3557 3621 3514 3570 21098 21008 21162 21271 20960 21006 20915 21324 20436 20779 21008 20969 24373 17623 17751 22994 17654 19748 20828 21011 20910 19060 20893 19821 22758 21214 20905 23585 20967 20984 21191 19895 20392 20650 3768 3850 3906 3860 3802 3893 3927 3870 3883 3897 3773 3880 3877 21220 23348 20418 21109 20879 23799 22407 23979 21052 20939 20871 19491 23643 21072 21198 19373 17655 21190 20797 21785 20880 18737 19598 20797 21882 20633 21255 20833 21198 22658 20979 21089 20762 19934 18181 19644 19174 22920 23663 20722 20831 3514 3571 3633 3569 4525 3507 3513 3596 3600 3509 3485 3647 3481 18330 21104 20998 20744 21205 22980 21090 20956 24020 19342 18186 23023
[L] cuSPARSE
[D] 945 946 945 940 956 1277 946 946 937 948 925 948 1276 940 944 954 948 946 946 944 930 944 949 948 1196 911 923 931 938 947 946 948 948 949 1287 945 946 942 947 949 1190 944 859 947 944 945 953 1284 945 945 947 946 940 1213 945 946 945 952 945 956 953 942 944 944 949 944 948 1251 947 943 953 954 949 1283 946 947 944 947 949 915 967 908 935 938 1273 945 946 945 947 929 1281 954 952 945 948 943 864 946 946 946 945 941 942 1236 923 953 946 945 945 946 1274 945 945 946 944 951 1287 953 939 947 949 943 1270 946 944 946 947 956 938 947 947 942 948 914 959 927 935 858 958 955 1283 944 947 945 947 940 948 945 944 945 953 949 1266 947 947 944 947 945 948 929 946 949 951 951 944 1291 944 946 945 945 947 941 975 939 945 918 947 947 1287 946 945 945 947 940 950 1334 949 913 1413 936 945 938 947 942 947 945 1191 1290 947 946
[L] sm_l2
[D] 2381 2558 2383 2368 2526 2529 2552 2536 2541 2548 2545 2577 2396 2561 2527 2532 2550 2530 2557 2563 2547 2395 2422 2375 2422 2413 2461 2368 2422 2389 2437 2428 2408 2395 2414 2356 2412 2436 2415 2394 2505 2404 2389 2397 2451 2387 2421 2384 2519 2413 2614 2427 2427 2428 2429 2367 2420 2562 2388 2414 2545 2418 2445 2441 2380 2443 2435 2390 2400 2417 2406 2529 2513 2541 2530 2621 2534 2532 2539 3199 2520 2553 2570 2527 2537 2539 2546 2536 2543 2401 2397 2532 2532 2538 2536 2537 2385 2540 2563 2539 2555 2549 2560 2539 2536 2536 2511 2512 2397 2405 2540 2530 2545 2539 2550 2563 2572 3195 2570 2542 2539 2387 3741 2415 2390 2413 2389 2399 2404 2415 2397 2439 2426 2439 2399 2438 3335 2391 2427 2396 2418 2390 2421 2424 2418 2418 2436 2412 2441 2417 2414 2414 2417 2436 2415 2452 2408 2414 2406 2413 2420 2413 2422 2415 2388 2414 2404 2433 2437 2418 2531 2532 2556 2534 2527 2788 2434 2392 2396 2531 2544 2562 2553 2543 2561 2414 2553 2540 2560 2529 2359 2529 2629 2538 2374 2396 2389 2542 2398 2630
[/DATA]
