[INFO]
experiment_name sparsity_large_K128
variable sparsity
N 102539
M 102539
K 128
sparsity 0.999
description Compare matrices with K=128 for varying sparsity on large dataset
runtime 329
n_warmup_iterations 15
sequence_number 3
[/INFO]
[DATA]
[L] Baseline
[D] 162138 25564 160789 25429 33134 165510 25053 157748 25302 141685 25341 32128 157811 24983 161066 25898 157682 26316 32108 157826 25736 160963 25360 31148 87675 29346 98594 28907 129834 25744 31583 163208 25079 31630 157819 25643 32663 159484 24562 32070 117622 25216 32928 31519 161113 25032 33066 33997 141944 25142 127651 25712 160869 26687 32147 157657 24998 160906 27297 32470 158025 25548 157806 25477 32623 164645 25025 53636 30074 127372 25012 31468 161390 24979 31620 158076 25040 30920 157887 26784 161356 25054 31107 114890 25060 31634 31451 161108 25050 31917 33966 152634 25119 139126 25490 142284 26700 32007 157830 25030 157820 26033 143007 25391 32047 158053 25132 157771 26311 33229 157972 25496 63356 28815 121180 24927 31390 166755 25101 31562 157813 24921 31161 115253 25132 32678 36861 157864 24955 31906 33992 137994 25058 136114 26153 131018 26057 32164 158002 25327 161049 25481 161056 25426 32207 161518 25585 68572 27375 107194 25878 121257 25361 32073 158152 25643 31592 157873 25326 31931 100288 25955 31150 160977 25017 31554 33950 144244 25631 158028 25523 131468 25621 32012 158341 25170 157845 26054 157127 25431 31867 157700 25611 54782 30540 135976 25747 31375 164473 24880 31539 157905 25133 31958 93551 32238 122083 25044 31386 35345
[L] cuSPARSE
[D] 7510 7424 8283 7535 8529 7495 8154 7892 7449 8279 7908 7541 8264 7865 7509 8167 7517 8438 7535 7921 8267 7554 8190 7828 7433 8238 7522 7529 8222 7920 7430 8245 7534 7463 8542 8218 7535 8236 7542 7430 8221 7738 7833 7500 7494 7516 7524 7497 7510 7498 7528 7496 7751 7822 8407 8091 7544 7510 7417 7494 7495 7507 7484 7487 7494 7512 7498 7494 7484 7522 7510 7545 8070 8330 8142 7416 7504 7495 7500 7520 7512 7487 7492 7514 7511 7483 7514 8068 8384 8148 7424 7492 7483 7499 7511 7493 7487 7488 7500 7513 7499 7529 8138 8086 8092 7832 7412 7492 7513 7520 7490 7523 8198 7528 7791 8452 7908 7488 8417 7863 7455 8183 7863 7438 8166 7515 7815 8193 7526 7415 7541 8097 8063 7898 7546 7498 8448 7530 8128 7867 7440 8190 7515 7460 7532 8077 7520 8342 7855 7530 8215 7542 7797 8211 7518 8117 7856 7536 7539 8124 8114 8122 7546 8151 7899 7538 8217 7517 8168 7884 7448 7507 8892 7498 8158 7895 7447 8245 7531 8402 8202 8131 7884 7428 7506 7499 7503 7518 7495 8435 8094 8343 8156 7431 7500 7488 7502 7520 7524 7490
[L] sm_l2
[D] 13567 13744 13588 13621 14409 13585 13638 13565 13644 13678 13657 13591 13594 13630 13638 13641 14277 13586 13583 13609 13729 13604 13645 13595 13584 13614 13631 13754 13737 13738 14120 13702 13753 13735 13728 13610 13749 13716 13775 13599 13720 13813 13722 13739 13571 13598 13700 13770 13729 13674 13674 13625 13606 14597 13563 13595 13633 13631 13592 13539 13628 14454 13624 13593 13590 13587 13621 13659 13654 13719 13589 13743 13740 13576 14564 13585 13741 13611 13571 13589 13723 13544 13725 13778 13765 13752 13610 13591 13598 13727 13731 13601 13846 13763 13585 14151 13626 13614 13649 13606 13696 13612 13573 13575 13577 14701 13569 13622 13729 13536 13642 13561 13580 14484 13970 13615 13628 13736 13708 13574 13731 13710 13717 13719 13728 13584 13750 13725 13598 13693 13564 13717 13733 13583 13687 13688 13694 13587 13698 13650 13641 13606 13588 13638 13634 13624 13609 13617 13595 13616 13722 14237 13629 13629 13599 13608 13688 13564 13660 13633 13617 13609 13777 13606 13725 13725 13601 14556 13749 13572 13700 13739 13602 13733 13734 13590 13735 13742 13710 15168 13756 13600 13735 13723 13588 13735 13578 13611 13579 13633 13677 13635 13654 13612 13601 13611 13614 13589 14167 13640
[/DATA]
