[INFO]
experiment_name sparsity_large_K128
variable sparsity
N 102539
M 102539
K 128
sparsity 0.995
description Compare matrices with K=128 for varying sparsity on large dataset
runtime 1506
n_warmup_iterations 15
sequence_number 2
[/INFO]
[DATA]
[L] Baseline
[D] 123534 121661 122653 164152 124384 124182 122304 121911 121652 137839 121711 141553 121961 121708 122464 123353 185513 141797 122125 122555 122415 121914 122508 123171 121748 122404 121642 124814 169759 121768 122799 123192 121682 122740 121562 123175 150185 121907 121987 177567 121702 152144 121712 177750 123202 130015 122886 142530 121751 121851 123491 122304 122834 121828 121829 121809 123425 121738 121652 121783 122017 123212 123869 122594 121861 159112 122580 136521 122147 195832 122683 121749 122359 169732 122354 121849 122181 123188 122030 170889 121676 167328 123005 132783 123121 140407 121639 146994 122540 187286 121953 178797 123547 121603 121885 124692 121851 173641 121705 164264 121949 161945 124828 121859 122078 121665 123444 121804 122432 123834 121853 122572 121778 123438 191291 121782 122113 122758 121812 122699 121854 121992 123696 121876 122327 121723 122140 170716 121733 122511 123483 121845 122356 129615 121943 122816 121876 121667 122796 121896 121947 121930 124127 121904 121684 121874 121666 122198 121822 121943 122389 121992 121905 122015 121629 121756 121823 169016 122578 150705 121672 158041 121821 165255 121988 123253 123231 121654 122643 166150 122925 140681 121873 139433 122009 191072 122073 153513 123428 121805 122476 137846 121714 143799 122736 195388 121888 174104 123040 194722 122188 165947 121605 170929 121652 123595 122761 121797 122148 122896
[L] cuSPARSE
[D] 36130 36173 36152 36134 36407 36153 36776 36122 36810 36142 36125 36129 36117 36123 36125 36122 36120 36118 36169 36130 36118 36118 36148 36145 36124 37613 36128 36149 36131 36120 36137 36160 36409 36168 36157 36131 36165 36172 36166 37054 36162 36128 36135 36158 36107 36122 37423 36792 36136 36792 36125 36131 36118 36794 36141 36788 36131 37020 36136 36770 36126 37040 36126 36125 36121 36149 36174 36129 36168 36186 36152 36121 36159 36170 36415 36153 36141 36169 36794 36158 36116 37373 36813 36132 36758 36127 37118 36130 36127 36144 36771 36119 36459 36120 36804 36127 36160 36101 36128 36119 36153 36171 36141 36108 36138 36112 36166 36167 36174 36119 36157 36121 36165 36128 36131 36129 36423 36785 36135 36785 36128 36796 36130 36114 36135 36118 36131 36146 36131 36162 36131 36174 36161 36114 36121 36120 36162 36125 36124 36107 36146 36135 36162 36154 36124 36132 36130 36139 37036 36144 36132 36129 36129 36156 36127 36788 36122 36125 36125 36144 36107 36120 36867 36156 36129 36131 36120 36153 37033 36165 36165 36181 36145 36158 36165 36128 36120 36148 36126 36130 36127 36141 36123 36120 36148 36126 36119 36141 36134 36120 37034 36160 36117 37037 36146 36172 36148 37638 36156 36794
[L] sm_l2
[D] 24431 25787 24254 24402 25993 24426 24293 24239 24420 24313 24425 24433 24425 24277 24255 24485 24421 24414 24429 24268 24272 24723 24437 24390 24285 24291 24293 25475 24393 24422 24270 24435 24231 24278 24393 24435 24245 24277 24855 24423 24420 24411 24268 24246 24404 24390 24281 25341 24264 24276 25493 24295 24326 24356 24277 24416 24429 24401 24429 24242 24261 24431 24243 24256 24348 24264 24999 24435 24335 24465 25424 24304 24290 24413 24396 24323 24270 24229 24436 24394 24437 24420 24256 24367 24401 24407 24410 24420 24258 24311 24885 24385 24274 24336 24285 24353 24347 24320 24433 24357 24518 24506 25087 24508 24496 24350 24337 25485 24329 24504 24489 24377 24385 24337 24364 24484 24486 24490 24510 24506 25219 24470 24505 24369 24780 24403 24342 24466 24496 24330 24348 24494 24426 24496 24362 24486 24321 24343 25565 24586 24322 24468 24367 24520 25897 24473 24480 25192 24484 24463 25668 24412 24362 24367 24338 25118 24537 24511 24502 24340 24362 24478 24481 24355 24552 24369 24379 25950 24486 24365 24359 24360 24458 24482 24507 24355 24333 24493 24384 24488 24413 24532 24361 24386 24415 24381 24542 25569 24328 24315 24364 24477 24541 24353 24356 24352 24336 25191 24478 24489
[/DATA]
