[INFO]
experiment_name sparsity_large_K128
variable sparsity
N 102539
M 102539
K 128
sparsity 0.995
description Compare matrices with K=128 for varying sparsity on large dataset
runtime 806
n_warmup_iterations 10
sequence_number 2
[/INFO]
[DATA]
[L] Baseline
[D] 122037 122610 122015 139679 121729 122062 121654 121723 121731 170571 121758 121709 121663 121783 122275 121742 121738 122099 121628 121953 171540 121814 122369 121811 121946 121803 121611 122386 121814 121689 194838 121599 122763 142585 121711 121718 122214 122013 121560 122705 121694 121847 121853 122391 122461 121641 122833 189689 121774 159841 121544 121684 121716 123119 121912 121877 121906 123043 194429 121819 167937 121850 121854 121938 122325 124245 121693 122893 182016 140653 121560 122135 121930 121827 122587 121634 121579 121726 121840 121849 188398 122038 121551 121716 122288 121620 121613 122057 121858 121674 121902 121792 121731 121703 121780 190543 121788 121991 121848 121678
[L] cuSPARSE
[D] 36134 36182 36147 36136 37084 36156 36160 36139 36145 36142 36128 36152 36135 36167 36185 36195 36196 36178 36133 36139 36149 36166 36126 36142 36146 36155 36150 36175 36178 36139 36148 36719 36147 36136 36128 36146 36129 36164 36136 36135 36192 36690 36176 36147 36141 36210 36172 36202 36162 36136 36172 36176 36140 36147 36143 36161 36174 36169 36136 36129 36156 36922 36131 36142 36159 36151 36149 36164 36144 36147 36139 37368 36178 36148 36162 36131 36129 36190 36184 36159 36166 36823 36140 36198 36167 36171 36173 36191 36185 36149 36178 36170 36794 36133 36130 36129 36140 36139 36139 36156
[L] sm_l2
[D] 24358 24349 24391 24324 24424 24359 24387 24323 24635 24488 24339 24481 25452 24482 24347 24361 24345 24373 24521 24407 24396 24538 24566 24377 24545 24433 24389 24527 24509 24399 24520 24396 24443 24457 25162 24387 24392 24548 24539 24402 24527 24543 24374 24431 24391 24382 24410 24399 24413 24401 24501 24390 24432 24629 24526 24541 24561 24552 24398 24610 24466 24420 24474 24379 24372 24540 24411 24399 24548 24570 24457 24686 24472 24410 24718 24377 24407 24380 24511 24385 24412 24541 24523 24368 24438 24433 24384 24438 24504 24387 24423 24550 24535 24405 24367 24563 24406 24555 24441 24423
[/DATA]
