[INFO]
experiment_name sparsity_large_K128
variable sparsity
N 102539
M 102539
K 128
sparsity 0.9995
description Compare matrices with K=128 for varying sparsity on large dataset
runtime 97
n_warmup_iterations 10
sequence_number 4
[/INFO]
[DATA]
[L] Baseline
[D] 13395 80466 15728 15692 14666 80727 85734 80637 14552 14537 14459 80312 17129 16046 16050 80568 80753 80552 15044 14919 14634 80722 17823 17824 16704 80660 80714 16526 16871 16235 80143 80676 13265 13301 13301 80345 14578 14548 14710 80745 85135 80062 13500 13595 13564 16327 16702 80671 71104 14838 14761 14370 80102 86684 15969 16133 16372 80558 15431 16492 15210 80292 16281 17397 16790 80232 85335 80670 12898 13470 13156 82783 13790 13640 14609 80195 15026 16137 15048 83965 80608 14293 14241 14332 85882 15554 16063 14964 80014 16949 16948 17264 80780 80116 80312 13513 13585 14115 80535 14547
[L] cuSPARSE
[D] 3754 3870 3905 3928 3877 3882 3914 3905 3875 3902 3907 4266 4257 3920 3934 3907 3909 3908 4647 4176 3878 3906 3870 3869 3848 3878 3914 3876 3875 3907 4650 4159 3878 3880 3914 3876 3905 3878 4331 3867 3904 3932 4608 3754 4250 3780 3865 3921 3877 3890 3901 3896 3873 3911 4231 3873 3919 3916 4229 3872 3884 3918 3903 3873 3925 3895 3969 3868 3841 3898 4583 3784 3880 3899 3899 3871 3909 3900 4828 3784 3884 3867 4234 4241 3924 3869 3873 3890 3886 3839 3850 3898 3889 3874 3906 4250 3881 3876 3867 3923
[L] sm_l2
[D] 8890 8853 8878 8920 8757 8735 8717 8738 8755 8749 8727 8746 8746 8708 8763 8740 8743 8789 8723 8751 8734 8735 8735 8718 8737 8768 9527 8729 8953 8741 8741 8701 8754 8726 9264 8884 8885 8712 8732 8845 8716 8695 8892 8737 8874 8744 8882 8679 8838 8887 8749 8749 8878 8698 8858 8701 8822 8873 8898 8732 8845 8684 8864 8930 8714 8735 8758 8741 8747 9089 8730 8734 8701 8771 8739 8737 8745 8727 8714 8742 8738 8718 8749 8711 8755 8697 8786 8716 8832 8733 8747 8737 8737 8719 8761 8869 8742 8849 8858 8872
[/DATA]
