[INFO]
experiment_name patents
variable K
N 3774768
M 3774768
K 256
sparsity 0.999999
description Compare matrices with K=[32,128,256] for patents data set
runtime 201
n_warmup_iterations 5
sequence_number 3
[/INFO]
[DATA]
[L] Baseline
[D] 99894 101255 99336 100113 99859 100534 99943 100618 99632 101008 100047 100220 99771 99697 100426 99938 99917 100116 99499 99739 99765 99195 100497 101509 100407 100631 100077 99879 100135 99417
[L] cuSPARSE
[D] 28386 27285 27542 27259 27239 27557 27323 27474 27947 27440 27313 27206 27639 27981 27420 27117 27169 27365 27222 27413 27375 27707 28418 27880 27217 27109 27339 26995 27011 26994
[L] sm_l2
[D] 39185 39168 38398 38443 38420 40228 38471 38530 38421 38402 38442 38446 38439 38546 38557 40810 38395 38484 38427 38412 38410 38559 38539 38903 39488 38559 38404 38419 38447 39027
[/DATA]
