[INFO]
experiment_name patents
variable K
N 3774768
M 3774768
K 32
sparsity 0.999999
description Compare matrices with K=[32,128,256] for patents data set
runtime 82
n_warmup_iterations 5
sequence_number 1
[/INFO]
[DATA]
[L] Baseline
[D] 12178 12210 12204 12142 12217 12134 12222 12250 12079 12627 12849 12843 12190 12183 12185 12231 12181 12198 12228 12191 12206 12217 12583 12133 12221 12152 12189 12227 17622 12180
[L] cuSPARSE
[D] 7213 7748 7209 7012 7249 7372 7098 7048 7130 7281 6949 7041 7096 7174 7244 7353 7275 7124 7263 7249 7070 7432 6968 7161 7253 7268 7031 6937 7063 7768
[L] sm_l2
[D] 4505 4642 4591 4494 4529 4484 4496 4650 4502 4485 4720 4490 4511 4494 4475 4564 4537 4479 4479 4524 4572 4512 4543 4474 4505 4605 4473 4523 4620 4625
[/DATA]
