[INFO]
experiment_name imdb
variable K
N 428440
M 896308
K 128
sparsity 0.99999
description Compare matrices with K=[32,128,256] for IMDB data set
runtime 34
n_warmup_iterations 5
sequence_number 2
[/INFO]
[DATA]
[L] Baseline
[D] 10294 10233 10196 10327 10204 10266 10227 10260 10575 11617 11277 11191 11151 11115 11218 10128 10255 10192 10126 11248 61620 10535 10587 10399 11092 12614 12983 43682 10371 10506
[L] cuSPARSE
[D] 3828 3649 3670 3690 3611 3731 3573 3837 3644 3578 3952 3534 3737 3693 3664 3721 3642 3670 3730 3671 3851 3637 3587 3754 3554 3752 3645 3596 3752 3562
[L] sm_l2
[D] 7478 7515 7458 7523 7591 7554 7624 8538 7528 7550 7632 7645 7558 7612 7752 7531 7527 7533 7520 7487 7461 7458 7458 7594 7699 7444 7566 7695 7474 7601
[/DATA]
