[INFO]
experiment_name imdb
variable K
N 428440
M 896308
K 256
sparsity 0.99999
description Compare matrices with K=[32,128,256] for IMDB data set
runtime 44
n_warmup_iterations 5
sequence_number 3
[/INFO]
[DATA]
[L] Baseline
[D] 22562 23062 23149 23339 23233 22539 22613 22560 22352 22608 22507 22524 22315 22270 22308 23721 22511 22308 22472 22477 22388 22430 22481 23043 22268 22463 22865 23030 24926 26050
[L] cuSPARSE
[D] 6679 6668 6740 7008 6801 6642 6700 6595 6695 6596 6698 6978 6520 6878 6570 6902 6597 6835 6514 6795 6567 6864 6707 6729 6670 6739 7053 6709 6553 6730
[L] sm_l2
[D] 8315 8216 8168 8291 8139 8106 8332 8297 8155 8066 8184 8151 8076 8065 8098 8058 8063 8093 8174 8090 8083 8057 8164 8165 8108 8157 8154 8289 8182 8293
[/DATA]
