[INFO]
experiment_name imdb_companion
variable K
N 428440
M 896308
K 128
sparsity 0.999979
description Compare matrices with K=[32,128,256] for IMDB companion
runtime 56
n_warmup_iterations 5
sequence_number 2
[/INFO]
[DATA]
[L] Baseline
[D] 23146 23331 42430 23707 23606 23588 23666 23595 23564 24292 23630 23489 25491 24160 23895 61045 23583 23667 23575 23724 23655 23577 23606 24201 23606 23554 23624 23503 23684 23680
[L] cuSPARSE
[D] 7257 7207 7212 7192 7258 6870 7236 7208 7181 7230 7192 7181 7262 7174 7312 7205 7326 7150 7246 7157 7346 6838 7367 7149 7362 7164 7358 7171 7323 7194
[L] sm_l2
[D] 19754 19766 19772 19765 19767 19792 19836 19789 19738 19895 19766 19766 19742 19759 19907 19852 19762 20239 19896 19757 19769 19776 19870 19787 19867 19729 20622 19777 19776 19771
[/DATA]
