[INFO]
experiment_name sparsity_small_K512
variable sparsity
N 10253
M 10253
K 512
sparsity 0.99
description Compare matrices with K=512 for varying sparsity on small dataset
runtime 11
n_warmup_iterations 5
sequence_number 1
[/INFO]
[DATA]
[L] Baseline
[D] 6523 6633 6516 6582 6624 6583 6582 6474 6751 6573 6638 6692 6675 6305 6577 6744 6667 6675 6777 6498 5664 5608 6625 6628 6595 6643 6976 6544 6382 6716
[L] cuSPARSE
[D] 1970 1881 1934 1908 2010 2015 2977 1823 1923 1917 2640 1795 1821 1883 1687 1629 1928 1923 1812 2119 1726 2371 2137 1830 1744 2090 1657 1690 1909 1763
[L] sm_l2
[D] 5124 5106 5021 5010 5006 5129 5097 4999 4993 4951 5161 5263 5149 5133 5160 5223 5067 5244 5181 5111 5172 5613 5140 5214 5073 5221 5132 5167 5188 5231
[/DATA]
