[INFO]
experiment_name sparsity_small_K512
variable sparsity
N 10253
M 10253
K 512
sparsity 0.995
description Compare matrices with K=512 for varying sparsity on small dataset
runtime 7
n_warmup_iterations 5
sequence_number 2
[/INFO]
[DATA]
[L] Baseline
[D] 3267 3308 3315 3170 3238 4025 3206 3331 3317 3297 3277 3276 3265 3264 3254 3320 3181 3290 3248 3740 3302 3213 3547 3173 3297 3148 3237 3334 3288 3287
[L] cuSPARSE
[D] 1139 1611 1187 1186 1093 1141 1084 1147 1130 1093 1197 1317 1159 1195 1376 1155 1177 1206 1153 1182 1186 1164 1161 1411 1155 1470 1102 1161 1120 1178
[L] sm_l2
[D] 1640 1642 1625 1651 1636 1634 1665 1612 1628 1639 1635 1613 1610 1842 1643 1652 1630 1609 1642 1717 1635 1608 1653 1607 1641 1640 1628 1653 1645 1713
[/DATA]
