[INFO]
experiment_name patents
variable K
N 3774768
M 3774768
K 128
sparsity 0.999999
description Compare matrices with K=[32,128,256] for patents data set
runtime 366
n_warmup_iterations 5
sequence_number 2
[/INFO]
[DATA]
[L] Baseline
[D] 47769 47816 47552 47810 47764 48044 47631 47650 47685 47699 47835 47764 49185 47829 47693 47861 47690 47638 47821 47612 47628 47842 47553 47837 47654 48053 47862 47692 47561 47691 47509 47906 47591 47557 47694 47725 48808 48885 47929 47612 47905 47911 47666 47628 47799 47879 47770 47513 47660 47826 47793 47841 47844 47598 47562 47531 47749 47669 47750 47875 47608 47856 47787 47694 49019 47660 47958 47724 47555 48001 47671 47841 47533 47707 47721 47855 47787 47857 47513 47745 48225 48749 47989 47718 47773 47715 47737 47583 47818 47756 47731 47863 47713 47848 47763 47325 47670 47724 47654 47811
[L] cuSPARSE
[D] 14550 14765 14834 14712 14834 14444 14552 14508 14620 14807 14995 14641 14832 14541 14504 14791 14847 14587 14803 14365 14318 14507 14889 14913 14962 14501 14780 14910 14885 14491 14932 14827 15004 14513 14642 14678 14870 14496 14600 14755 14520 14586 14679 14874 14577 14808 14829 14529 14808 14855 14594 14833 14667 14767 14830 14627 14713 14785 14502 14573 14822 14497 14628 14771 14823 14614 14861 14624 14805 14949 14523 14828 14845 14544 14827 14836 14666 14501 14811 14763 14685 14855 14926 14515 14825 14587 14981 14902 14651 14543 14829 14548 14628 14998 14527 14650 14876 14684 14819 14556
[L] sm_l2
[D] 40887 40986 41097 40881 41013 40975 40875 40861 40966 40874 40920 40951 40951 40892 40853 40974 40871 40870 40977 40873 40859 40965 40899 40891 40941 41144 40897 41129 40997 40864 40839 41085 41961 40869 40965 40968 40883 40976 40988 40910 40943 40986 40916 40866 40948 41379 40899 40979 40879 40939 41003 42898 40872 40932 40961 41025 41017 41100 40979 40853 40934 40972 40937 40908 40976 40881 40882 40946 40899 40866 40950 42888 40841 40985 40950 40896 40957 40974 40926 40879 40968 40884 40882 41125 41400 40907 40962 40967 40886 40890 40971 40935 40861 41025 41336 40874 40959 41871 41055 40872
[/DATA]
