[INFO]
experiment_name patents
variable K
N 3774768
M 3774768
K 32
sparsity 0.999999
description Compare matrices with K=[32,128,256] for patents data set
runtime 243
n_warmup_iterations 5
sequence_number 1
[/INFO]
[DATA]
[L] Baseline
[D] 12101 12161 12132 13434 12083 12100 12099 12118 12147 11963 12114 12201 12111 12144 12138 12105 12045 12168 12707 12170 12135 12101 12172 12052 12160 12716 12153 12074 12150 12112 12105 12108 12191 12170 11919 11986 12096 12149 12100 12090 12141 12122 12385 12194 12149 12444 12131 12034 12080 12070 12085 12134 12118 12188 12075 12196 12164 12100 12099 12137 12135 12164 12117 12142 12227 12164 12084 12135 12160 12095 12143 12127 12142 12790 12116 12106 12183 11987 11942 12076 12441 12063 12118 12075 12051 12126 12108 12079 12104 12075 12732 12102 12151 12129 12151 12105 12133 12169 12074 12073
[L] cuSPARSE
[D] 6922 7102 7083 7185 7252 7372 7080 7107 7220 7257 7824 7159 7158 6958 7080 7159 7300 7321 7080 7137 7134 7194 7242 7364 7050 7034 7156 7256 7827 7044 7038 7267 7221 7169 7058 7051 7112 7299 7263 7093 7197 7246 7280 7372 7041 7132 6875 7091 7176 7136 7246 7285 7717 7091 7144 7277 7297 7356 7119 7093 6920 7083 7144 7116 7208 7256 7831 7162 7159 7212 7295 7560 7006 7073 7163 7318 7395 6997 7048 7257 7347 7130 7084 7070 7241 7304 7599 7053 7145 7286 7268 7677 7054 7136 7274 7253 7046 7099 7110 7157
[L] sm_l2
[D] 4271 4356 4265 4256 4252 4266 4255 4426 4283 4495 4249 4250 4440 4422 4266 4257 4267 4346 4298 4256 4315 4288 4274 4259 4297 4682 4256 4295 4394 4315 4256 4308 4291 4422 4340 4524 4348 4423 4265 4263 4413 4266 4414 4430 4351 4411 4271 4286 4260 4264 4241 4307 4381 4314 4275 4273 4314 4293 4244 4414 4498 4399 4427 4403 4429 4517 4412 4433 4410 4423 4848 4350 4326 4373 4252 4309 4302 4276 4411 4276 4271 4359 4295 4253 4235 4398 4262 4428 4288 4265 4240 4401 4442 4440 4479 4238 4248 4236 4274 4289
[/DATA]
