[INFO]
experiment_name patents
variable K
N 3774768
M 3774768
K 256
sparsity 0.999999
description Compare matrices with K=[32,128,256] for patents data set
runtime 516
n_warmup_iterations 5
sequence_number 3
[/INFO]
[DATA]
[L] Baseline
[D] 99472 100128 100643 99931 100376 99826 100885 99302 100844 99768 99503 99076 99835 99554 99422 99841 99775 99439 99739 99364 99575 99360 99510 99186 99825 99762 99538 99654 99507 99641 99745 99496 99940 100025 99586 99314 99257 99565 99589 99619 99890 99030 99326 99759 99822 99575 99448 99951 99344 99499 99717 99566 100047 101170 99580 100138 99835 100789 99365 99576 99611 99645 99562 100347 99624 101368 99383 100582 100054 100784 98887 100040 99587 100278 99393 99915 99621 99499 99399 99848 99714 99692 99513 99297 99061 99284 99555 99380 99798 99579 100989 99613 100140 99664 99229 99736 99702 99585 99594 99398
[L] cuSPARSE
[D] 27290 27333 27239 27583 27452 27092 27238 27389 27428 27173 27524 27248 28305 27134 28018 27331 27482 27481 27378 27504 27721 27374 27500 27455 27577 27423 27113 27750 27710 27268 28223 27302 27537 27193 27276 27283 27237 27584 27510 27490 27529 27316 27274 27091 27548 27246 27241 27502 27457 27185 27144 27131 27435 27264 27180 27730 27495 27397 27600 27483 27244 27534 28675 27686 27360 27063 27427 27394 27590 27470 27481 27634 27232 27537 27559 27327 27352 27415 27577 27326 27235 28077 27278 27172 27366 27447 27733 27490 27311 27418 27314 27401 27304 27504 27564 27581 27380 27511 27734 27363
[L] sm_l2
[D] 37559 37467 38890 37551 37554 37568 37550 37583 37582 37581 37568 37573 38218 37584 37535 37575 37697 37688 37700 37580 37571 37589 37567 37575 37557 37590 37564 37467 37714 37548 37554 37546 37547 37703 37710 37725 37757 37587 37555 37580 37575 37517 37475 38210 37542 37560 37545 37571 37579 37577 37587 37578 39318 37713 37590 37567 37601 37573 37596 37699 37559 37705 37611 37573 37565 37504 37690 37556 37553 37564 37544 37558 37467 38652 37564 37706 37585 37556 37544 37549 37544 37468 39177 37573 37711 37694 37700 38962 37573 37595 37562 37570 37555 37551 37576 37563 37488 37805 37555 37601
[/DATA]
