[INFO]
experiment_name imdb_companion
variable K
N 428440
M 896308
K 32
sparsity 0.999979
description Compare matrices with K=[32,128,256] for IMDB companion
runtime 41
n_warmup_iterations 5
sequence_number 1
[/INFO]
[DATA]
[L] Baseline
[D] 5985 6237 5991 6604 38277 38110 7045 7009 38184 37959 6422 6328 38364 38395 37876 37993 6005 6828 37981 37961 7153 7053 38029 37902 40920 5974 5922 38013 37913 6866
[L] cuSPARSE
[D] 3374 3368 3381 3356 3427 3380 3373 3400 3829 3700 4013 3850 3510 3196 3622 3542 3340 3704 3343 3356 3301 3409 3740 3239 3341 3218 3344 4064 3193 3203
[L] sm_l2
[D] 2405 2550 2519 2532 2509 2535 2522 2517 2531 2536 2409 2407 3016 2424 2405 2521 2418 2417 2401 2527 2419 2627 2537 2725 2510 2555 2380 2421 2511 2514
[/DATA]
