[INFO]
experiment_name imdb_companion
variable K
N 428440
M 896308
K 256
sparsity 0.999979
description Compare matrices with K=[32,128,256] for IMDB companion
runtime 70
n_warmup_iterations 5
sequence_number 3
[/INFO]
[DATA]
[L] Baseline
[D] 48476 47701 49024 48991 48640 48183 47708 47326 47548 47654 47561 47696 47657 47488 48191 47661 47703 47744 47492 48044 47669 47593 47555 47461 48576 48010 47370 47536 47652 47360
[L] cuSPARSE
[D] 12965 13432 13390 13435 13354 14021 13282 13666 13405 13393 13094 13748 13484 13406 13856 13376 13800 13511 13313 13666 13456 13457 13477 14103 13659 13485 12996 13346 13493 12941
[L] sm_l2
[D] 20222 19607 19699 19551 19553 19499 19492 19477 19580 19452 19532 19560 19490 20214 19494 19487 20085 19482 19466 19980 19471 19557 19593 19476 19563 19554 19625 19545 19493 19484
[/DATA]
