[INFO]
experiment_name sparsity_large_K512
variable sparsity
N 102539
M 102539
K 512
sparsity 0.9995
description Compare matrices with K=512 for varying sparsity on large dataset
runtime 48
n_warmup_iterations 5
sequence_number 4
[/INFO]
[DATA]
[L] Baseline
[D] 58488 58521 58509 58718 59061 58538 58538 60229 58498 58498 59406 58606 58531 58769 58490 58389 58699 58561 58365 58460 58549 58463 58438 56809 58526 58679 56851 58342 58644 56303
[L] cuSPARSE
[D] 15958 15960 15973 15966 15911 15970 15970 15975 15971 15940 15970 15911 16677 15963 15971 15970 15977 15975 15941 15976 15944 15967 15967 15956 15962 15965 15944 15960 15919 15947
[L] sm_l2
[D] 53407 53381 53401 53452 53472 53501 53355 53518 53578 53564 53551 53469 53625 53514 53529 53544 54040 53483 53495 53478 54134 53570 53452 53487 54549 53426 53411 53383 53694 53387
[/DATA]
