[INFO]
experiment_name sparsity_large_K512
variable sparsity
N 102539
M 102539
K 512
sparsity 0.995
description Compare matrices with K=512 for varying sparsity on large dataset
runtime 388
n_warmup_iterations 5
sequence_number 2
[/INFO]
[DATA]
[L] Baseline
[D] 563867 559397 559861 561749 563273 560217 559607 561854 561507 562249 561427 561294 562368 559407 561857 559333 578154 561103 563005 560289 559051 564288 560983 560917 568891 562070 562493 561368 559590 560353
[L] cuSPARSE
[D] 155081 155074 155096 155076 156648 155053 155101 155082 155089 155073 155074 156304 155070 155063 155090 155065 155094 155053 156285 155092 155414 155098 155071 155090 155061 156326 155075 155984 155049 155079
[L] sm_l2
[D] 393167 393239 393301 395422 394763 394955 395032 394995 394576 394807 395290 393364 393256 393460 393320 393377 393175 392892 393118 393059 392877 393170 392939 393180 393999 394811 395131 395927 394982 394888
[/DATA]
