[INFO]
experiment_name sparsity_large_K512
variable sparsity
N 102539
M 102539
K 512
sparsity 0.99
description Compare matrices with K=512 for varying sparsity on large dataset
runtime 794
n_warmup_iterations 5
sequence_number 1
[/INFO]
[DATA]
[L] Baseline
[D] 1124009 1124292 1124731 1123569 1123152 1124158 1121952 1123324 1123980 1124490 1121704 1122774 1123782 1119458 1119428 1121627 1125920 1121975 1124081 1123631 1125068 1124229 1125166 1122373 1124468 1122838 1123603 1123831 1124180 1123727
[L] cuSPARSE
[D] 311733 311340 310153 310261 310219 310231 311770 311966 310186 310182 310243 310771 311411 311428 310174 310091 310113 311198 311718 310153 310104 310135 310246 311413 311774 310190 310106 310180 310150 312023
[L] sm_l2
[D] 666169 666654 664320 664333 665605 666136 666122 666676 664369 664058 666600 666080 666545 666725 664205 666682 664781 666235 666611 666347 666386 664058 663988 665847 666300 665159 665635 663857 664373 665097
[/DATA]
