[INFO]
experiment_name sparsity_small_K128
variable sparsity
N 10253
M 10253
K 128
sparsity 0.999
description Compare matrices with K=128 for varying sparsity on small dataset
runtime 10
n_warmup_iterations 5
sequence_number 3
[/INFO]
[DATA]
[L] Baseline
[D] 337 308 243 336 310 336 310 374 320 340 341 323 312 219 306 337 435 338 336 312 334 337 338 336 339 340 318 311 321 311 317 314 315 314 216 311 308 323 215 315 317 213 308 315 309 312 310 316 315 310 317 306 306 213 313 308 302 208 312 308 214 312 317 309 314 313 317 443 309 315 309 310 310 318 314 216 316 307 308 215 307 308 319 223 311 310 310 309 311 313 392 216 306 308 309 219 307 306 214 318
[L] cuSPARSE
[D] 105 197 107 106 199 193 105 99 196 95 105 106 340 94 105 197 97 105 106 105 344 97 105 206 97 172 193 205 199 106 105 105 106 204 106 203 105 96 105 106 105 204 199 98 107 105 98 106 105 203 203 104 105 105 107 105 105 205 202 99 105 106 105 102 105 207 107 105 105 106 106 105 98 214 98 106 105 105 106 123 105 205 202 106 105 106 106 106 106 207 194 105 105 106 106 94 107 199 201 96
[L] sm_l2
[D] 227 186 197 197 241 210 209 195 195 187 228 195 196 347 219 227 196 254 187 201 224 228 184 198 198 193 259 198 195 198 203 211 204 199 196 228 195 360 195 184 334 334 337 318 336 330 194 335 180 196 195 303 333 356 363 197 181 398 205 466 330 194 182 196 199 338 359 196 367 196 212 333 336 201 347 196 313 197 330 182 328 197 195 377 208 337 183 330 334 206 341 194 382 195 343 198 363 343 196 405
[/DATA]
