[INFO]
experiment_name sparsity_small_K128
variable sparsity
N 10253
M 10253
K 128
sparsity 0.995
description Compare matrices with K=128 for varying sparsity on small dataset
runtime 17
n_warmup_iterations 5
sequence_number 2
[/INFO]
[DATA]
[L] Baseline
[D] 796 799 793 791 800 798 799 788 789 799 790 790 799 801 799 798 791 791 796 790 800 791 799 797 778 798 797 798 800 792 791 792 790 797 819 819 793 822 821 835 818 820 821 823 820 821 819 821 820 794 820 820 830 792 820 795 791 786 821 819 818 822 818 820 820 819 820 821 817 818 793 818 820 817 794 818 819 822 827 817 791 819 810 817 820 819 794 820 820 820 820 819 819 818 820 791 819 813 820 818
[L] cuSPARSE
[D] 218 221 303 240 240 335 241 240 628 240 218 293 311 239 220 300 214 240 528 219 242 348 334 218 306 299 242 336 337 220 332 263 328 311 270 218 336 335 219 341 338 338 242 304 337 218 334 327 210 241 336 240 219 334 218 221 356 244 268 548 387 244 386 384 248 268 379 246 246 349 270 283 337 495 334 329 324 333 360 360 363 357 361 242 384 363 247 388 388 271 382 387 269 380 390 269 248 385 268 245
[L] sm_l2
[D] 439 453 410 448 426 438 421 469 429 419 409 401 445 451 412 442 454 428 449 447 404 426 450 443 427 462 428 442 427 449 440 475 470 418 405 406 433 552 418 428 410 439 447 542 579 402 558 408 545 619 414 394 410 407 544 578 439 540 540 390 407 429 571 446 539 571 551 587 412 512 547 542 550 444 581 395 560 408 405 574 588 402 405 548 558 446 581 420 428 647 407 577 398 565 402 539 426 393 383 411
[/DATA]
