[INFO]
experiment_name sparsity_small_K128
variable sparsity
N 10253
M 10253
K 128
sparsity 0.99
description Compare matrices with K=128 for varying sparsity on small dataset
runtime 26
n_warmup_iterations 5
sequence_number 1
[/INFO]
[DATA]
[L] Baseline
[D] 1426 1427 1431 1425 1394 1425 1428 1430 1427 1427 1425 1422 1427 1429 1426 1427 1426 1427 1428 1394 1423 1392 1424 1427 1425 1431 1397 1430 1427 1426 1429 1430 1425 1397 1397 1400 1400 1402 1405 1400 1402 1406 1401 1402 1402 1398 4416 4557 4532 4936 4924 5276 6407 5606 5774 5761 9092 9900 9653 9275 10045 9722 10086 9458 19328 10314 10381 9426 9859 10274 9558 10154 9610 9976 20457 10190 9955 10901 10419 10919 10221 10581 10309 10418 10419 10651 10207 10461 10462 10162 10351 10310 10314 10775 10079 20999 10720 10072 10733 25649
[L] cuSPARSE
[D] 10446 4871 4024 5901 4212 4057 8751 4339 16060 811 334 329 451 364 457 375 461 465 457 468 364 455 371 460 466 472 466 459 458 466 365 519 467 467 464 593 465 374 462 373 466 368 367 461 372 467 368 459 377 473 458 374 469 377 462 472 460 461 465 457 365 474 459 468 457 465 458 457 367 452 372 466 470 461 470 366 458 375 452 371 366 458 372 460 372 586 377 358 462 377 460 366 404 468 376 456 373 458 373 375
[L] sm_l2
[D] 848 733 691 714 728 702 724 702 713 685 721 685 765 668 744 676 682 826 844 699 679 1411 702 671 691 819 856 849 849 858 680 834 772 675 853 666 846 834 834 673 835 825 861 676 834 822 843 843 696 676 694 695 854 836 715 677 822 826 811 802 842 696 845 807 845 690 835 675 652 664 822 660 703 692 662 709 691 698 723 666 667 649 684 696 649 693 679 677 694 676 710 665 709 701 692 693 662 699 683 703
[/DATA]
