[INFO]
experiment_name sparsity_small_K128
variable sparsity
N 10253
M 10253
K 128
sparsity 0.9999
description Compare matrices with K=128 for varying sparsity on small dataset
runtime 9
n_warmup_iterations 5
sequence_number 5
[/INFO]
[DATA]
[L] Baseline
[D] 103 99 100 100 100 99 100 100 101 100 100 101 99 98 120 76 100 100 100 121 99 96 155 101 99 99 163 100 102 94 90 100 78 100 100 124 121 96 99 97 101 101 250 99 100 99 100 100 102 100 100 99 119 98 120 120 99 219 96 100 99 121 156 189 100 95 95 120 101 93 99 100 221 96 216 100 99 132 101 263 95 120 193 121 99 94 121 219 99 101 123 99 218 121 100 192 122 93 100 95
[L] cuSPARSE
[D] 44 39 44 39 39 39 63 43 41 42 39 37 39 37 39 39 44 42 39 39 39 39 39 222 43 38 39 39 62 39 39 45 39 42 39 39 39 39 62 43 39 39 39 42 39 39 38 43 39 45 39 39 39 39 38 43 39 40 62 39 38 65 38 252 41 37 62 39 38 36 39 243 41 39 62 39 38 36 47 336 39 39 39 39 39 118 36 200 36 36 35 34 37 37 41 41 40 37 36 40
[L] sm_l2
[D] 171 182 162 133 131 174 145 133 176 128 144 145 146 174 183 155 165 159 144 142 160 144 180 175 146 147 145 178 190 152 150 146 144 133 145 180 146 150 146 148 148 254 160 145 130 278 153 144 181 147 146 180 147 146 280 137 163 338 251 164 320 135 279 316 311 339 147 282 283 283 333 252 291 295 277 322 145 146 307 328 146 299 147 151 132 155 152 307 283 156 146 309 152 344 146 133 230 153 294 415
[/DATA]
