[INFO]
experiment_name sparsity_small_K128
variable sparsity
N 10253
M 10253
K 128
sparsity 0.9995
description Compare matrices with K=128 for varying sparsity on small dataset
runtime 9
n_warmup_iterations 5
sequence_number 4
[/INFO]
[DATA]
[L] Baseline
[D] 264 192 267 267 172 290 193 261 190 294 162 259 162 169 268 168 263 173 261 160 260 268 167 267 172 264 267 267 267 164 268 267 263 263 262 266 260 164 270 268 264 264 164 265 168 268 167 255 268 164 270 169 375 166 168 267 166 261 169 459 266 168 264 172 268 167 173 263 167 264 173 264 260 167 262 263 290 270 164 273 168 269 173 259 264 170 262 164 298 277 265 266 548 264 165 269 173 261 167 169
[L] cuSPARSE
[D] 81 75 182 75 82 82 178 81 81 188 82 81 81 81 184 179 81 171 82 75 81 73 76 178 82 174 81 81 81 82 74 175 81 180 81 75 74 81 81 179 178 174 77 81 81 82 82 81 178 175 82 81 73 75 81 182 175 82 82 81 81 81 75 81 171 82 75 81 82 81 82 82 356 174 82 81 81 81 81 83 357 84 82 82 81 81 81 81 81 172 82 81 81 81 81 81 73 312 179 75
[L] sm_l2
[D] 157 169 196 200 211 206 160 156 156 169 202 189 278 156 197 199 184 169 170 171 154 311 169 200 171 244 201 186 166 170 167 211 212 184 195 169 202 168 174 156 167 308 169 168 164 343 164 159 176 170 169 159 155 171 166 322 166 307 305 305 326 308 152 150 176 150 166 171 181 168 151 167 194 204 167 169 243 300 304 171 182 166 303 145 167 311 181 191 171 159 325 168 166 170 146 322 176 159 155 171
[/DATA]
