[INFO]
experiment_name imdb_companion
variable K
N 428440
M 896308
K 32
sparsity 0.999979
description Compare matrices with K=[32,128,256] for IMDB companion
runtime 119
n_warmup_iterations 5
sequence_number 1
[/INFO]
[DATA]
[L] Baseline
[D] 5964 5867 6221 37993 38376 6937 6589 38149 38139 6001 5983 37940 37813 6471 6448 37950 7163 7177 38353 38087 6489 6457 38345 38298 38281 37997 6023 5955 37829 6414 6455 38079 38014 37926 5809 5894 9912 38116 38342 38094 6965 7043 38419 38278 6219 5856 37961 38138 6994 6896 37971 38210 6524 6627 38031 37825 6568 6577 38015 7274 7290 38010 38081 6580 6591 38148 38037 6746 6822 38257 37894 7008 7030 37931 38250 7087 7101 38116 38065 6449 6522 38155 38001 7493 7446 38024 37993 6455 6371 38238 38027 6903 6878 38492 38222 6525 6504 38022 38114 7213
[L] cuSPARSE
[D] 3408 3530 3419 3431 3407 3405 3417 3424 3272 3402 3256 3245 3212 3769 3718 4078 4075 4064 3411 3411 3406 3418 3414 3749 3429 3331 3779 4184 3169 3264 3322 3366 3408 3300 4169 4095 3687 3794 3795 3418 3420 3429 3805 3826 3724 4199 3963 3892 3748 3420 3415 3419 3432 3784 3288 3380 4223 3306 3244 4022 3289 3298 3149 3246 3310 3344 3728 3295 3346 4258 3282 4230 3365 3286 3371 3654 3372 3837 3165 3211 3131 3287 3615 3299 4115 3283 3396 3669 3896 3370 3290 3370 4098 3281 3401 3158 3217 3505 3217 3736
[L] sm_l2
[D] 2369 2221 2215 2224 2215 2229 2364 2200 2359 2396 2372 2210 2394 2355 2369 2208 2211 2230 2357 2217 2204 2204 2213 2237 2217 2202 2219 2237 2228 2262 2235 2203 2259 2204 2250 2206 2232 2206 2212 2333 2219 2226 2265 2220 2254 2205 2218 2232 2468 2201 2203 2213 2361 2211 2214 2214 2360 2204 2188 2313 2215 2220 2233 2226 2202 2206 2196 2191 2311 2206 2236 2203 2204 2232 2221 2214 2264 2206 2218 2187 2191 2307 2190 2240 2210 2206 2212 2240 2188 2191 2196 2190 2572 2226 2206 2217 2212 2242 2224 2219
[/DATA]
