[INFO]
experiment_name imdb_companion
variable K
N 428440
M 896308
K 128
sparsity 0.999979
description Compare matrices with K=[32,128,256] for IMDB companion
runtime 146
n_warmup_iterations 5
sequence_number 2
[/INFO]
[DATA]
[L] Baseline
[D] 23566 23168 23602 23678 23796 23743 23576 24133 23662 23528 23634 23634 23585 23617 23578 24218 23621 23648 24141 29003 24414 24443 23202 23181 23323 23564 23743 24796 23696 23592 23603 23606 23582 23529 23588 23634 23598 23656 23834 25717 23062 23092 23642 23673 23583 23666 23589 23600 23938 25407 24403 23470 23412 23627 23446 23650 23620 23605 23622 23578 24206 23538 23582 23581 23473 23637 23717 23583 23717 23508 24662 24126 23193 23610 23727 23645 23468 25260 23167 22986 23421 23343 23412 23544 23575 23558 23632 23397 23748 23604 23468 23580 23579 23635 24412 24298 23408 23462 23654 23132
[L] cuSPARSE
[D] 7239 7317 7139 7318 7171 7290 7143 6892 7455 7291 7052 7288 7182 7340 7154 7355 7133 7347 7140 7296 7147 7384 7181 7234 7170 7256 7081 7186 7177 7202 7204 7149 7277 7167 7250 7151 7238 7417 7328 7171 7284 7193 7315 7061 7277 7174 7247 7198 7226 7194 7269 7181 7204 7204 7190 7160 7153 7245 7159 7223 7106 7577 7141 7321 7064 7361 7040 7332 7134 7319 7121 7312 7164 7350 7121 6810 7097 7292 7154 7337 7418 7293 7159 7355 7157 7323 7113 7286 7127 7306 7143 7346 7135 7292 7115 7294 7139 6801 7132 7319
[L] sm_l2
[D] 22977 23004 22987 23215 23081 23096 22994 23020 23139 23032 23010 22970 23030 22979 22971 22945 22957 22960 22990 23049 22986 22995 22990 22987 22982 22986 22983 23023 23016 22993 22988 23147 22970 22982 23435 23123 22995 23132 23258 23491 23197 23058 23202 22989 23110 23125 22993 23126 23108 23006 22964 22994 22985 23338 22979 22978 22972 23630 23001 23007 23043 24045 22992 22990 22985 24343 22964 23001 23039 23740 23129 22978 23133 23071 23137 22997 23112 22974 22958 23116 23130 22985 23012 22977 23100 22965 22965 22985 22987 23004 22988 22978 22972 22983 22950 22979 23006 22965 22984 23018
[/DATA]
