[INFO]
experiment_name imdb_companion
variable K
N 428440
M 896308
K 256
sparsity 0.999979
description Compare matrices with K=[32,128,256] for IMDB companion
runtime 177
n_warmup_iterations 5
sequence_number 3
[/INFO]
[DATA]
[L] Baseline
[D] 47724 47821 47853 47826 47639 47930 47699 47847 47791 47865 47802 47726 47650 47866 47848 47720 47566 47761 47880 47696 47784 47803 47977 48141 47681 48043 47668 47891 47440 47871 47632 48003 47921 47737 48060 47710 47890 47607 47977 47799 47770 47787 47698 47888 47949 47973 47532 47561 47543 47934 47821 47909 47726 47776 47805 47876 47616 47637 47698 47672 48802 48809 48874 48545 48258 47974 48422 49394 48533 47976 47677 47854 47846 47873 47644 47664 48048 47810 47797 47732 47828 47757 47842 47610 47655 47821 47718 47957 47817 47920 47631 47920 47645 48070 47959 47699 47960 47766 47613 47738
[L] cuSPARSE
[D] 13772 13508 13360 13669 13394 13783 13502 13362 13572 13461 13789 13512 13415 13694 13432 13681 13526 13387 13626 13439 13706 13548 13698 13621 13497 13457 13586 13342 13695 13477 13590 13518 13861 13640 13521 14061 13794 13382 13651 13377 13756 13429 13353 13437 13392 13697 13497 13696 13510 13440 13528 13361 13669 13497 13436 13524 13308 13664 13492 13990 13526 13327 12964 13524 13997 13549 13336 13700 13495 13435 13615 13387 13693 13541 13419 13544 13331 13713 13505 14011 12932 13331 13701 13543 13842 13518 13378 13707 13529 13370 13107 13494 13412 13513 13327 13681 13498 13593 13523 13401
[L] sm_l2
[D] 20170 20187 20288 20188 20212 21233 20218 20182 20190 20191 20205 20686 20303 20278 20479 20337 20312 20410 20181 20164 20424 20313 20341 20313 20334 20210 20181 20206 20204 20190 20205 20196 20203 20211 20211 20173 20196 20215 20306 20314 20185 20268 20315 20336 20329 20177 20329 20316 20420 20248 20318 20171 20323 20311 20212 20160 20168 20167 20190 20206 20211 20221 20218 20165 20214 20274 20180 20162 20286 20343 20321 20320 20332 20313 20175 20173 20307 20311 20306 21369 20324 20331 20407 20207 20209 20279 20214 20213 20273 20187 20207 20279 20169 20170 20269 20180 20203 20510 20168 20163
[/DATA]
