[INFO]
experiment_name sparsity_large_K32
variable sparsity
N 102539
M 102539
K 32
sparsity 0.9995
description Compare matrices with K=32 for varying sparsity on large dataset
runtime 172
n_warmup_iterations 15
sequence_number 4
[/INFO]
[DATA]
[L] Baseline
[D] 39605 17102 20327 18610 48725 16543 16728 17521 16933 16653 39550 17920 16934 20226 18634 39929 17030 16714 22165 39850 16891 21718 18573 39578 16780 16626 16888 39614 39188 16688 19173 16772 51947 16813 20499 21766 18840 43309 16819 16793 18602 19484 39246 16814 16697 20216 19184 39532 16662 20045 16708 17450 39842 16686 16498 16546 39736 20386 16532 16479 39435 39616 16602 17872 16763 46023 19104 16684 16794 16571 23682 39491 16632 17341 16729 17357 40392 19738 24811 19495 39351 39410 16698 19570 19931 39246 20142 20938 18802 18687 19718 39606 22241 18486 18694 16682 39526 18575 18754 16784 16914 39460 17617 16651 16675 16911 16666 40329 18465 16754 16647 17271 39571 18131 16831 19358 16836 39288 17249 20205 17620 16724 40220 20016 16702 16657 16600 16739 40547 16851 17142 19017 16703 40204 16814 20304 19023 19177 39570 21362 16723 16725 39283 18145 16719 17038 39582 39227 16954 17088 18662 42203 16740 20351 16887 39445 21587 22098 16834 18741 40033 20467 20263 16769 16918 16677 42110 16696 17713 19575 16857 49540 20194 16712 21543 16404 48352 17341 16382 16673 16835 21819 39355 18703 16804 16743 18886 39322 17666 20202 20828 26261 46622 16852 17010 16501 19104 16684 39178 16685
[L] cuSPARSE
[D] 1775 1811 1764 1819 1820 1800 1782 1809 1814 1782 1796 1802 1791 1832 2366 1840 1806 1777 1773 1807 1809 1800 1817 1788 1809 1804 1816 1805 1831 1808 1808 1800 1805 1795 1808 1797 1809 1765 1805 1775 1791 1784 1822 1777 1797 1764 1797 1844 1803 1787 1805 1785 1810 1824 1801 1812 1806 1805 1803 1765 1785 1811 1790 1815 1787 1793 1798 1769 1787 1807 1831 1784 1789 1811 1810 1648 1780 1775 1817 1776 1810 1839 1813 1786 1796 1781 1787 1835 1801 1779 1813 1753 1815 1804 1794 1799 1808 1801 1778 1815 1788 1682 1832 1841 1844 1758 1800 1809 1806 3011 1816 1815 1831 1855 1874 1797 1812 1836 1818 1848 1816 1842 1849 1803 1819 1790 1811 2412 1824 1833 1780 1775 1800 1844 1787 1791 1835 1864 1811 1819 1803 1808 1786 1801 1819 1836 1811 1838 1813 1840 1794 1805 1835 1821 1766 1797 1812 1774 1814 1800 1839 2236 1796 1807 1833 1802 1811 1794 1787 1856 1797 1818 1809 1811 1841 1810 1826 1830 1863 1811 1809 1808 1806 1819 2509 1865 1800 1791 1825 1805 1798 1823 1839 2400 1808 1754 1797 1813 1786 1843
[L] sm_l2
[D] 821 780 807 770 798 786 786 802 825 787 802 801 800 816 796 963 958 954 775 784 772 814 780 780 801 945 794 1037 944 952 945 776 769 942 948 942 946 947 791 949 945 948 773 960 815 900 825 826 836 794 836 849 811 829 781 830 797 800 779 809 807 827 789 796 827 830 836 847 792 831 851 829 830 936 794 790 792 951 808 951 844 794 946 1037 784 773 781 799 789 929 798 881 771 801 769 774 884 944 786 949 800 814 983 862 830 800 794 770 796 774 798 786 819 788 792 781 784 775 803 782 772 801 789 838 774 775 775 799 778 769 841 772 830 948 944 798 797 807 770 945 943 942 791 773 939 784 794 823 802 774 949 784 944 944 813 943 806 773 809 948 786 784 960 830 826 835 826 829 824 844 842 840 906 823 828 841 783 796 781 770 829 798 829 795 842 831 781 949 848 800 827 802 844 810 953 948 783 815 795 821
[/DATA]
