[INFO]
experiment_name sparsity_large_K32
variable sparsity
N 102539
M 102539
K 32
sparsity 0.9999
description Compare matrices with K=32 for varying sparsity on large dataset
runtime 26
n_warmup_iterations 10
sequence_number 5
[/INFO]
[DATA]
[L] Baseline
[D] 599 597 596 595 593 593 857 597 597 597 595 604 596 570 569 571 566 572 569 567 570 569 570 559 573 571 569 570 570 571 573 570 570 574 572 569 568 569 571 570 563 570 571 570 570 4088 3931 3902 4031 3825 3932 4433 4126 4806 4078 4255 5891 4084 6756 4346 4112 8941 18615 18485 18690 9890 18784 9849 18789 8903 14709 18885 9863 18917 19071 9769 18968 13546 19116 9112 19264 8782 19455 9413 9112 9914 19356 12457 19243 19430 9908 9800 9087 10042 19349 9879 19258 9257 9312 19364
[L] cuSPARSE
[D] 265 265 266 328 275 352 275 368 430 368 419 274 356 274 366 274 366 370 360 373 365 367 363 367 331 340 327 317 354 354 364 273 361 274 350 272 348 272 363 364 354 366 363 368 363 396 365 361 364 362 356 355 364 363 273 363 273 364 364 366 361 264 359 273 342 271 350 267 362 272 362 263 357 399 362 464 355 359 364 359 367 361 357 355 272 361 272 359 274 361 539 363 510 354 350 271 359 268 359 263
[L] sm_l2
[D] 400 500 525 522 523 517 520 519 526 355 373 402 502 556 521 516 533 378 533 521 536 559 367 540 519 528 520 519 535 537 505 523 650 398 497 542 374 374 534 529 520 521 518 416 371 382 518 511 365 536 368 518 520 520 380 378 424 410 423 429 427 413 395 413 425 531 398 378 423 357 377 431 410 431 428 430 544 379 420 424 418 398 423 423 435 395 383 471 397 394 409 374 419 422 428 422 387 432 750 401
[/DATA]
