[INFO]
experiment_name sparsity_large_K32
variable sparsity
N 102539
M 102539
K 32
sparsity 0.99
description Compare matrices with K=32 for varying sparsity on large dataset
runtime 1442
n_warmup_iterations 10
sequence_number 1
[/INFO]
[DATA]
[L] Baseline
[D] 67983 68353 35873 36031 36455 36466 36516 36370 36359 36463 36492 36477 37057 36423 36459 36454 36428 36395 36217 36443 36465 36402 36372 36410 36368 36383 36106 36023 35879 36368 36233 35884 35879 36405 36397 36440 36444 36405 36002 35991 36211 36110 36184 36209 36180 36220 36440 36409 36476 36342 36410 36367 36474 36418 36400 36373 36800 37341 36440 35874 36341 36444 36405 36432 36483 36387 36491 36329 36407 37030 36148 35914 35908 36208 35935 36463 36010 35883 36022 36116 36129 36389 36403 36386 36402 36409 36373 36403 36466 36419 35819 36431 37381 37654 36789 37225 37318 37432 37461 37540
[L] cuSPARSE
[D] 19109 19116 19094 19099 19114 19198 19112 19122 19178 19143 19179 19131 19182 19160 19169 19153 19104 19203 19188 19164 19168 19119 19093 19148 19183 19149 18972 19230 19211 19225 19184 19478 19133 19049 18842 19180 19138 19145 19149 19166 19196 19195 19160 19171 19273 19120 19095 19203 19186 19158 19211 19116 19173 19166 19120 19146 19180 19122 19151 19145 19162 19204 19222 19206 19203 19202 19186 19205 19150 19137 19173 19131 19171 19177 19155 19149 19154 19157 19134 19185 19198 19173 19214 19211 19210 19165 19179 19038 19114 19174 19173 19153 19189 19151 19167 19161 19172 19209 19178 19199
[L] sm_l2
[D] 8268 8343 8258 8573 8387 8393 8251 8249 8289 8263 8289 8356 8247 8396 8251 8239 8533 8254 8245 8249 8397 8439 8406 8335 8323 8257 8534 8244 8238 8367 8247 8494 8260 8250 8278 8295 8284 8289 8437 8328 8306 8282 8279 8428 8430 8294 8410 8290 8800 8288 8291 8510 8284 8817 8401 8286 8368 8279 9156 8432 8265 8303 8276 8283 8432 8417 8288 8272 9019 8427 8271 8463 8277 8597 8415 8283 8252 8265 8270 8344 8315 8285 8280 8275 8435 8397 8536 8281 8323 8329 8260 8285 8303 8287 8304 8342 8266 8394 8281 8397
[/DATA]
