[INFO]
experiment_name sparsity_large_K32
variable sparsity
N 102539
M 102539
K 32
sparsity 0.999
description Compare matrices with K=32 for varying sparsity on large dataset
runtime 304
n_warmup_iterations 15
sequence_number 3
[/INFO]
[DATA]
[L] Baseline
[D] 47888 32604 84256 4805 32492 32402 5391 32277 32711 32724 32631 32203 5417 35766 35910 32532 32612 32463 32239 4761 32571 32620 5070 55889 32686 32227 32555 4726 34716 32534 5319 32642 32571 32406 5789 32205 32548 32432 5666 32448 76879 3847 7786 12568 31813 74125 3841 32375 35631 32562 5656 32510 32380 32590 4849 32655 32604 5064 32599 32561 32580 5562 37291 32381 5290 32714 32549 32502 5258 40486 34299 32695 5415 32420 34974 36724 32394 32421 4779 32577 32314 5598 44113 33786 32715 32271 32508 5007 36174 33098 32460 4765 32466 32593 5245 38211 32238 5660 32522 31964 32409 32624 5155 53496 32591 32531 32633 4956 32156 35697 4861 35982 32491 5653 32484 32516 6756 32455 32549 5576 32118 32704 32574 4965 32677 32710 5611 32649 32680 32604 4836 32410 32459 32583 4955 65470 32400 32514 3929 32376 32571 5523 32354 60193 32656 32624 35224 4765 32669 32446 5230 32567 32419 32410 5718 32531 32502 32407 4782 32652 32729 6082 32465 32442 32652 4705 10397 31958 32460 77967 36160 32561 32511 32649 32529 5288 32580 32622 5063 32150 32441 32710 4750 32534 32468 5069 57047 32203 32488 5338 32513 32490 32333 4764 32379 32634 5310 32432 32428 35549
[L] cuSPARSE
[D] 3256 3274 3257 3297 3288 3291 3308 3294 3293 3277 3284 3289 3267 3301 3317 3848 3269 3273 3275 3285 3273 3268 3265 3316 3780 3284 3275 3263 3282 3306 3268 3270 3748 3274 3312 3261 3276 3817 4463 3303 3303 3919 3303 3322 3282 3289 3295 3308 3281 3336 3274 3313 3285 3271 3256 3269 3315 3280 3294 3287 3313 3302 3290 3313 3304 3324 3297 3269 3301 3268 3291 3280 4432 3283 3304 3324 3286 3279 3295 4588 3309 3323 4580 3306 3222 3364 3274 3281 3299 3307 3277 3950 3278 3268 3304 3306 3299 3293 3340 3954 3311 3275 3294 3322 3303 3311 3311 4488 3282 3310 3305 3294 3273 3326 3293 3317 3313 3362 3272 3321 3274 3278 3321 3312 4509 3262 3306 3277 3299 3340 4039 3305 3306 4690 3270 3305 3330 3287 3288 3314 3281 3320 4690 3298 3307 3258 4729 3306 3324 3322 3313 3254 3266 3266 3292 3278 3289 3969 3341 3288 3298 3312 3302 3282 3292 3328 3309 3269 3284 3301 3307 3298 3298 3292 3285 3301 3269 3288 3289 3300 3287 3291 3345 3305 3307 3284 3299 3328 3286 3278 3279 3276 4132 4792 3290 4834 3294 3299 3356 3319
[L] sm_l2
[D] 1235 1245 1236 1237 1258 1284 1274 1262 1246 1259 1233 1255 1262 1216 1265 1253 1221 1246 1230 1283 1280 1257 1370 1247 1307 1250 1282 1234 1257 1254 1248 1236 1234 1255 1248 1254 1215 1265 1261 1250 1267 1263 1236 1392 1234 1387 1247 1396 1340 1244 1255 1263 1277 1230 1233 1277 1246 1214 1229 1260 1275 1261 1287 1236 1239 1229 1255 1232 1233 1256 1235 1251 1247 1239 1232 1230 1315 1243 1251 1269 1264 1395 1388 1386 1394 1241 1264 1245 1239 1393 1485 1260 1278 1245 1251 1404 1399 1239 1243 1249 1483 1484 1412 1257 1400 1285 1253 1244 1270 1238 1235 1239 1273 1276 1245 1250 1238 1249 1264 1286 1302 1243 1254 1245 1260 1289 1709 1260 1247 1256 1251 1251 1260 1239 1439 1281 1416 1275 1241 1239 1395 1262 1263 1392 1242 1244 1399 1386 1441 1260 1404 1246 1246 1386 1242 1254 1253 1267 1271 1249 1238 1292 1286 1262 1271 1268 1279 1264 1259 1282 1285 1266 1246 1235 1247 1248 1249 1263 1295 1280 1244 1398 1401 1439 1270 1389 1386 1488 1396 1246 1243 1270 1421 1255 1252 1252 1250 1268 1385 1359
[/DATA]
