[INFO]
experiment_name sparsity_large_K32
variable sparsity
N 102539
M 102539
K 32
sparsity 0.99
description Compare matrices with K=32 for varying sparsity on large dataset
runtime 2795
n_warmup_iterations 15
sequence_number 1
[/INFO]
[DATA]
[L] Baseline
[D] 35902 36337 36389 37396 36363 36123 36239 36273 36310 36409 36139 36237 35962 35866 36395 36421 36477 36362 36012 36806 36215 35887 36294 35883 35901 37507 36383 36313 35979 35887 35879 37317 36355 36228 36044 35979 35856 36508 35898 36367 36072 36027 36006 35862 36035 36593 35908 36385 35990 35857 35891 35871 36580 35900 35870 35905 35856 35860 36368 35989 36473 35902 35867 36421 35975 35862 35855 36344 36098 36332 36017 35901 35869 36514 36420 36307 35868 36375 35970 36393 35949 36030 36100 35855 35859 35915 37008 37258 35895 36412 35963 35858 35852 36387 35861 35897 36429 36079 35914 35897 35860 36361 36302 36068 35856 36803 36368 36198 36092 35908 35854 35900 35857 36350 36048 36405 36344 35894 35905 35857 36325 36355 36562 35932 36290 35926 36768 36418 35988 35872 36347 36802 35899 36706 35901 35917 36348 36095 35901 35897 35898 36393 35876 35939 35890 35913 37154 36088 35858 36347 36054 35865 35856 36959 36260 35855 35863 35917 36566 36068 36396 36142 35856 36304 35953 36259 35980 35904 35941 35868 35874 36185 36190 36111 35845 36408 36115 36204 36228 35909 35897 35874 36393 37834 35913 35858 35853 36306 36088 35902 35904 36408 36241 35856 36454 36020 35874 36137 36713 35898
[L] cuSPARSE
[D] 19197 19201 19186 19172 19196 19186 19190 19185 19174 19198 19169 18962 19157 19124 19208 19148 19207 19159 19190 19216 19190 19097 19121 19196 19216 19479 19174 19827 19190 19188 19161 19181 19189 19185 19153 19887 19181 19140 19205 19195 19129 19198 19184 19134 19135 19170 19125 19170 19132 19206 19456 19230 18804 19127 19520 19193 29375 19188 19168 19095 19875 19198 19167 19147 19184 19148 19193 19175 19201 19209 19143 19187 19206 19182 19218 19142 19139 19131 19151 19176 19178 19460 19178 19849 19198 19516 19166 20166 19233 19790 19223 19779 19178 20153 19196 19199 19156 19143 19200 19524 19191 19192 19209 19205 19300 19184 19206 19894 19144 19208 19147 19114 19202 19157 19170 20121 19193 19200 19193 19196 19481 19181 19215 19163 19215 19241 19163 19104 19159 19166 19184 19161 19196 19115 19102 19179 19181 19179 19164 19190 19129 19200 19220 19169 18909 18896 18939 19136 19124 19221 19131 19193 19165 19216 19194 19174 19176 19199 20197 19192 19141 19172 19147 19118 19235 19121 19195 19198 19142 19176 19198 19186 19172 19212 19177 19186 19175 20320 19149 19187 19190 19159 19183 19908 19186 19158 19166 19136 19162 19195 19112 19201 19149 19180 19186 19125 19141 19194 20023 19195
[L] sm_l2
[D] 8439 8418 8271 8320 8348 8338 8355 8312 8311 8308 8520 8323 8309 8336 8357 8472 8472 8305 8467 8360 8344 9384 8356 8480 8334 8462 8459 8317 8370 8323 8311 8300 8302 8457 8456 8301 8353 8315 8684 8455 8453 8304 8442 8317 8470 8339 8313 8422 8278 8283 8293 8345 8303 8310 8333 8295 8450 8445 8465 8342 8468 8294 8332 8317 8304 8295 8309 8696 8320 8319 8467 8304 8445 8435 8444 8339 8461 8330 8316 8430 8325 8306 8297 8303 8346 8323 8462 8594 8440 8439 8315 8290 8303 8348 8312 8436 8452 8299 8346 8319 8347 8326 8452 8435 8437 8296 8297 8297 8335 8351 8458 8441 8317 8445 8333 8304 8329 8324 8432 8311 8435 8289 8323 8365 8344 8348 8320 8440 8436 8452 8355 8352 8243 8243 8379 8416 8258 8380 8257 8250 8276 8289 8404 8404 8419 8262 8292 8278 8244 8412 8253 8468 8374 8289 8255 8253 8253 8380 8255 8375 8227 8246 8275 8232 8336 8243 8398 8401 8968 8285 8286 8261 8228 8265 8349 8250 8385 8261 8254 8248 8299 8383 8366 8447 8277 8586 8251 8247 8243 8422 8373 8383 8394 8275 8232 8266 9033 8248 8413 8240
[/DATA]
