[INFO]
experiment_name sparsity_large_K32
variable sparsity
N 102539
M 102539
K 32
sparsity 0.9999
description Compare matrices with K=32 for varying sparsity on large dataset
runtime 52
n_warmup_iterations 15
sequence_number 5
[/INFO]
[DATA]
[L] Baseline
[D] 598 566 564 569 599 591 598 591 573 597 597 597 599 571 565 569 570 575 569 578 570 565 565 564 575 570 573 570 564 571 571 561 571 581 574 563 572 570 572 570 4262 5309 4049 3815 4158 3744 4049 4280 4122 4030 4010 4132 4141 4043 4015 4074 9200 9014 16422 16692 16522 16689 16435 16916 9145 9611 16670 9061 8992 9159 9070 9729 16579 16762 17013 16677 17499 16895 17038 9488 9897 17022 8968 9133 16994 9087 9157 9011 16908 17968 19759 16892 17136 17264 9902 17119 16809 16986 16833 17170 9137 9400 18012 16826 12096 9840 16848 17156 9143 17306 17046 17047 16867 17142 17118 18204 16895 17177 9865 9855 9636 9820 17317 16855 8930 17188 17107 17095 17126 9085 9144 9483 16834 17093 16835 15763 9013 9530 17150 8830 17251 16923 17243 9761 17332 17237 16916 9075 12050 9797 9112 17238 16869 17084 9208 9313 9892 16499 16919 17057 9058 11407 17270 9762 16948 16480 9804 16809 17228 17159 8683 9065 9233 17113 9122 9112 9076 9566 17151 17228 17063 18086 17160 17080 17256 9162 9151 9446 9254 16974 17002 9366 9042 9044 11510 17079 17138 16941 8910 9064
[L] cuSPARSE
[D] 355 388 362 364 280 365 359 390 364 289 361 312 372 368 362 357 264 359 266 359 348 356 399 367 355 376 353 367 360 362 360 413 361 359 364 368 360 360 264 370 262 363 367 359 356 264 359 265 362 254 365 261 366 449 356 358 274 358 363 359 363 367 364 361 335 361 360 364 362 261 357 265 364 271 357 361 360 361 272 358 265 365 271 356 524 370 357 346 362 263 362 265 364 509 364 359 261 357 262 365 260 359 364 360 357 263 356 262 356 269 357 277 356 493 362 359 369 403 361 359 264 364 269 361 359 360 361 265 359 265 358 264 360 352 359 358 263 359 265 356 362 361 266 360 366 367 354 370 368 262 371 262 358 459 358 357 262 359 262 362 257 367 273 355 536 264 358 363 366 262 362 374 371 357 370 356 265 356 262 365 270 357 380 365 358 264 360 265 363 259 358 262 372 369 362 367 350 331 265 362
[L] sm_l2
[D] 415 421 413 410 423 410 424 411 412 410 515 363 359 397 414 355 490 415 530 514 382 530 356 354 531 353 522 516 574 353 516 524 529 514 517 514 509 514 516 520 526 513 518 522 508 350 367 364 516 514 528 519 532 512 378 514 517 521 624 503 512 522 525 531 553 523 529 521 521 352 512 515 519 529 370 508 366 400 363 413 389 352 413 397 355 371 389 350 400 358 412 351 351 369 417 412 410 408 353 408 348 411 357 369 414 355 411 410 396 403 409 353 410 419 411 409 354 407 414 350 403 418 354 392 367 371 413 366 407 352 418 407 406 352 393 515 538 516 517 516 379 522 518 521 517 538 378 517 581 521 533 517 540 512 521 532 524 522 539 512 528 522 519 516 514 401 714 516 516 523 538 531 516 520 529 521 511 513 521 520 522 528 515 528 515 511 548 523 425 523 393 409 410 411 398 406 374 373 413 502
[/DATA]
