[INFO]
experiment_name sparsity_large_K32
variable sparsity
N 102539
M 102539
K 32
sparsity 0.995
description Compare matrices with K=32 for varying sparsity on large dataset
runtime 1416
n_warmup_iterations 15
sequence_number 2
[/INFO]
[DATA]
[L] Baseline
[D] 18194 18180 18192 18149 18147 18775 18134 18146 18183 18145 19174 18126 18143 18133 18158 18602 18186 18138 18189 18153 18457 18201 18126 18141 18169 18138 18156 18133 18191 18134 18154 18138 18154 18182 18191 18133 18142 18158 18132 18152 18135 18155 18130 18153 18547 18132 18161 18136 18149 18137 18136 18157 18155 18164 18205 18201 18180 18154 18133 18128 18194 18143 18136 18158 18844 18199 18159 18199 18150 18144 18171 18146 18184 18154 18838 18198 18172 18178 18199 18137 18146 18149 18181 18163 18139 18150 18179 18197 18137 18135 18152 18168 18476 18152 18156 18154 18146 18835 18177 18158 18142 18161 19154 18161 18141 18157 18137 18731 18155 18196 18197 18142 18461 18157 18175 18189 18136 18842 18134 18142 18227 18139 18177 18156 18158 18164 18152 18159 18142 18196 18136 18141 18157 18136 18161 18154 18132 18136 18155 18144 18199 18191 18137 18157 18142 18154 18171 18120 18178 18158 18839 18230 18139 18179 18138 18137 18158 18129 18154 18137 18136 18873 18197 18139 18201 18141 18152 18143 18141 18199 19085 18156 18156 18158 18198 18118 18137 18152 18136 18481 18189 18204 18161 18176 18199 18134 18137 18157 18143 18197 18155 18138 18157 18144 18192 18149 18131 18153 18150 18896
[L] cuSPARSE
[D] 15001 15000 14996 15086 14965 15016 15368 15037 14974 15027 14993 15034 15009 14983 14984 14973 14984 14995 15026 14952 15011 15529 14972 14978 14968 15477 14999 15011 14986 14971 14970 15013 14996 14978 15002 14977 14999 15040 15007 14958 15037 15006 14986 15023 15558 14987 15101 14984 14986 16166 14952 15011 14974 15056 15007 15004 14999 14986 14996 17477 15025 15013 15012 14932 14976 14976 16270 14940 15040 14985 14999 14964 15034 14978 15020 15048 14970 15057 15484 15015 15016 15021 14996 15577 14961 15560 14972 15031 15030 15010 15002 14984 14996 15000 14995 15000 14997 16150 14988 15003 14949 15486 14877 14998 15050 14970 15011 14950 15027 14986 14991 14979 15019 15027 14986 15003 15482 14988 14974 15005 15432 14989 14989 14998 14968 15030 14996 16153 14984 14981 14978 14995 15019 15020 14988 14971 14989 15001 14980 15002 14996 14963 14997 15487 15031 14977 15040 14973 15011 14932 15018 14966 14982 14982 14975 14991 14995 15015 16336 14959 14975 14975 14973 14984 14998 15002 15004 15015 14982 16234 14971 15017 14997 14995 14958 14960 14985 16091 14970 14975 15020 14974 14985 14975 15006 14980 16542 14947 15030 14997 15015 15026 15030 14970 16186 15017 16254 14973 14940 15009
[L] sm_l2
[D] 4347 4392 4365 4377 4379 4415 4385 4843 4469 4474 4337 4479 4475 4486 4476 4341 4383 4380 4397 4354 4376 4358 4438 4478 4354 4330 5271 4342 4342 4956 4333 4344 4364 4821 4333 4356 4373 4490 4473 4566 4490 4443 4495 4488 4406 4464 4395 4383 4380 4335 4376 4820 4358 4355 4350 4343 4351 4444 4328 4366 4347 4369 4346 4388 4808 4335 4475 4477 4340 4473 4459 4498 4336 4395 4340 4401 4341 4380 4335 4341 4500 4364 4508 4829 4510 4509 4361 4374 4876 4376 4380 4406 4376 4402 4360 4498 4510 4498 4500 4503 4502 4530 4393 4403 4375 4374 4365 4353 4346 4361 4390 4358 4365 4499 4510 4353 4399 4433 4369 4417 4351 4392 4357 4411 4375 4518 4511 4498 4380 4536 4371 4394 4360 4351 4396 4379 4807 4361 4367 4402 4372 4816 4522 4514 4378 4370 4357 4393 4852 4809 4362 4369 4392 4378 4363 4506 4353 4374 4508 4505 4373 4367 4394 4361 4378 4440 4373 4361 4353 4378 4371 4384 4386 4384 4378 4813 4375 4349 4376 4361 4832 4372 4370 4515 4506 4526 4501 4371 4346 4477 4390 4374 4827 4399 4380 4375 4366 4830 4389 4400
[/DATA]
