[INFO]
experiment_name sparsity_large_K32
variable sparsity
N 102539
M 102539
K 32
sparsity 0.999
description Compare matrices with K=32 for varying sparsity on large dataset
runtime 158
n_warmup_iterations 10
sequence_number 3
[/INFO]
[DATA]
[L] Baseline
[D] 32434 32405 32348 32166 4740 37297 31989 32506 5064 32371 32472 32186 4996 32250 32301 32468 32448 5011 36053 32353 32518 5116 32462 32626 32485 4804 32489 32406 32556 32282 5237 35249 32083 31936 4818 32185 32377 34704 3870 32210 32459 32406 4738 32267 32335 32241 4960 57609 32399 32523 5546 32097 32072 32486 32422 32225 4887 36309 32236 32372 32269 4781 32372 32674 32692 5437 37928 77231 4551 32049 32459 6214 32406 32255 32237 32245 4812 32714 32016 32349 4832 32403 33432 32499 4956 32339 32375 32276 79961 32319 5485 32182 34266 32561 6043 56425 32516 32544 5431 32435
[L] cuSPARSE
[D] 2078 2081 2084 2060 2044 2049 2052 2042 2053 2060 2065 2048 2057 2073 2048 2052 2069 2081 2089 2050 2429 2069 2055 4062 3157 3157 3161 3174 3171 3166 3142 3184 3178 3166 3208 3176 3183 3225 3274 3303 4133 3270 3265 3267 3262 3301 3309 3291 3299 3300 3314 3284 3292 3357 3275 3282 3314 3270 3293 3262 3259 4533 3273 3329 3324 3295 4531 3267 3323 3093 3270 3284 3349 3280 3349 3289 3313 3305 3338 3319 3355 4587 3319 3313 3299 3365 3297 3274 3322 3286 3287 3925 3275 3300 3294 3299 3961 3361 3303 3283
[L] sm_l2
[D] 1283 1255 1281 1286 1303 1254 1244 1230 1254 1250 1262 1233 1228 1245 1242 1372 1263 1231 1231 1231 1234 1251 1230 1260 1234 1390 1260 1246 1246 1246 1259 1257 1241 1240 1229 1240 1255 1263 1262 1264 1251 1254 1266 1276 1246 1245 1242 1230 1277 1281 1233 1263 1257 1263 1238 1232 1273 1377 1397 1390 1266 1256 1389 1374 1379 1279 1279 1259 1382 1375 1381 1265 1389 1259 1393 1231 1265 1372 1379 1404 1287 1296 1256 1279 1269 1265 1262 1264 1261 1271 1271 1240 1226 1296 1240 1277 1273 1276 1264 1259
[/DATA]
