[INFO]
experiment_name sparsity_large_K32
variable sparsity
N 102539
M 102539
K 32
sparsity 0.995
description Compare matrices with K=32 for varying sparsity on large dataset
runtime 735
n_warmup_iterations 10
sequence_number 2
[/INFO]
[DATA]
[L] Baseline
[D] 18137 18141 18180 18142 18158 18139 18146 18146 18149 18145 18165 18139 18174 18148 18145 18161 18162 18132 18134 18143 18140 18146 18138 18155 18139 18169 18143 18146 18146 18138 18169 18141 52106 18142 18137 18148 18139 18137 18176 18136 18138 18143 18128 18188 18145 18151 18135 18136 18172 18171 18142 18159 18182 18189 18123 18158 18144 18151 18185 18155 18143 18154 18139 18198 18168 18142 18159 18164 18204 18134 18192 18156 18189 18207 18141 18154 18137 18142 18827 18158 18134 18155 18129 19088 18139 18199 18144 18157 18446 55017 18159 18161 18134 18135 18159 18155 18154 18146 18159 51880
[L] cuSPARSE
[D] 14924 15008 15037 15019 15636 15040 14979 14967 15072 15016 15021 15636 15034 15034 15008 15025 14996 14987 15793 15019 15054 14996 14963 14993 15037 15019 14947 14993 14979 14985 15010 14934 14974 14989 14974 14984 15527 15048 15011 15009 15027 15014 14988 15011 14939 14977 15009 15015 15014 15013 14856 14980 14979 14987 14981 14986 14984 14979 14957 14990 14987 15005 15006 14971 16850 14968 14987 14956 14973 14996 14949 16037 15026 14976 14963 15027 15032 14986 16120 15017 15017 14980 15030 15026 15019 15467 14959 15007 14995 15004 14999 15065 15005 14966 14979 15004 14961 15003 14972 15025
[L] sm_l2
[D] 4375 4368 4359 4835 4353 4364 4345 4344 4367 4478 4362 4543 4339 4339 4390 4340 4323 4347 4319 4340 4338 4331 4336 4338 4799 4316 4336 4504 4359 4378 4343 4347 4804 4342 4333 4831 4346 4349 4336 4351 4591 4341 4337 4339 4361 4351 4366 4351 4329 4336 4362 4808 4347 4352 4345 4464 4487 4331 4371 4341 4326 4854 4329 4352 4829 4331 4542 4344 4336 4344 4482 4372 4352 4347 4314 4328 4346 4342 4461 4482 4332 4476 4788 4348 4491 4354 4337 4378 4345 4336 4820 4368 4351 4829 4481 4575 4334 4333 4358 4333
[/DATA]
