[INFO]
experiment_name sparsity_large_K32
variable sparsity
N 102539
M 102539
K 32
sparsity 0.9995
description Compare matrices with K=32 for varying sparsity on large dataset
runtime 85
n_warmup_iterations 10
sequence_number 4
[/INFO]
[DATA]
[L] Baseline
[D] 2026 2026 21230 21194 39924 16963 16823 19956 16892 16849 39391 16753 20315 17814 39411 39776 16740 17027 16726 39535 18594 19415 16790 39334 39159 39368 20326 21547 21054 16707 39062 16818 18598 19428 16916 39910 21759 16732 16788 39432 39645 39979 16807 16689 16818 16865 44252 16711 16689 17795 39660 23154 21752 16716 39772 39354 16911 16738 20482 16775 39559 18511 16722 19695 39376 39550 18024 18850 20232 16703 39382 18577 16714 21542 39232 40308 16826 17496 17444 16807 40459 19162 17877 16800 39447 39119 40357 17189 17875 17895 39553 16725 20234 16814 18636 44105 45694 16660 16702 21322
[L] cuSPARSE
[D] 1193 1109 1094 1089 1092 1088 1104 1097 1129 1157 1094 1092 1095 1093 1120 1086 1114 1103 1125 1093 1123 1099 1126 1082 1092 1092 1101 1101 1100 1094 1105 1095 1091 1092 1099 1088 1102 1094 1128 1099 1124 1106 1093 1090 1092 1131 1097 1133 1099 1126 1708 1672 1680 1684 1665 1682 1680 1673 1676 1676 1675 1675 1684 1797 1689 1678 1671 1702 1683 1687 1728 1681 1685 1693 1681 1682 1700 1681 1780 1757 1623 1790 1818 1792 1829 1813 1805 1791 1769 1796 1779 1804 1789 1910 1815 1776 1813 1822 1844 1780
[L] sm_l2
[D] 845 844 847 849 832 845 819 846 851 846 849 839 844 859 814 803 958 800 797 943 977 839 820 941 797 798 967 821 969 803 959 804 801 795 826 805 810 945 795 947 809 824 953 906 941 941 957 781 817 960 799 791 847 831 788 822 802 802 809 820 848 830 797 828 858 860 828 813 815 824 813 820 943 856 790 795 824 818 842 821 814 857 846 838 850 801 835 964 796 940 942 944 970 838 991 959 945 946 949 970
[/DATA]
