[INFO]
experiment_name patents_companion
variable K
N 3774768
M 3774768
K 32
sparsity 0.999999
description Compare matrices with K=[32,128,256] for patents companion
runtime 257
n_warmup_iterations 10
sequence_number 1
[/INFO]
[DATA]
[L] Baseline
[D] 13766 13700 13749 13751 13747 13767 13775 14843 14151 13654 13779 13745 13733 13752 13524 13588 13737 14722 13484 13534 13756 13719 13783 13767 13722 13733 13788 13926 13686 13755 13720 13773 13769 14714 14463 13690 13254 13694 13690 13729 13717 13738 14574 13700 13756 13746 13755 14826 14768 13514 13507 13736 13738 13736 13758 13477 13526 14237 13701 13755 13736 14248 13751 13752 13697 13760 13751 13727 13773 13792 13492 13519 14071 13728 13776 13774 13627 13688 13753 13524 13639 13655 13807 13756 13756 13723 13772 14366 13697 13753 13784 13661 13449 13756 13667 13706 13755 13604 13658 13733
[L] cuSPARSE
[D] 8065 8142 7903 7900 7948 8087 8089 8255 7840 7910 7947 8088 8213 8220 7854 7872 7932 7982 8202 7794 7779 7917 8066 8004 7803 7837 7891 8224 8053 8175 7903 7883 8044 8076 8138 7831 7853 7917 8089 8255 7597 7859 7901 8017 8034 8402 7784 8242 7980 8033 8161 7846 7935 7970 8083 8250 7925 7895 7950 7939 8231 7746 7891 7654 7850 7873 7855 8137 8139 7820 7852 7910 8051 8034 8165 7754 7905 8254 7996 8072 7828 7872 7842 7921 8075 8145 7914 8329 7909 8091 8428 7914 7828 7853 7974 8047 8184 7733 7899 7986
[L] sm_l2
[D] 6873 6853 6836 6895 6886 6880 6757 6761 6739 6761 7078 6748 6713 6791 6735 6734 6853 6724 6759 6882 6870 6726 6873 6880 6813 6874 6872 6888 6893 6766 6876 6901 6838 6745 6726 6759 6745 6776 6779 6748 6873 6746 6761 6755 6721 6708 6817 6741 6722 6800 6768 6695 6803 6816 6708 6852 6840 6711 6754 6754 6809 6718 6716 6837 6722 6715 6787 6690 6698 6693 6723 6905 6745 6850 6688 6877 6690 6795 6871 6742 6841 6705 6707 6740 6714 6727 6695 6761 7055 6712 6696 6766 6730 6719 6802 6691 6711 6706 6713 6712
[/DATA]
