[INFO]
experiment_name patents_companion
variable K
N 3774768
M 3774768
K 32
sparsity 0.999999
description Compare matrices with K=[32,128,256] for patents companion
runtime 498
n_warmup_iterations 15
sequence_number 1
[/INFO]
[DATA]
[L] Baseline
[D] 13748 13818 13751 13733 13539 13748 13712 13778 14715 13747 13608 13800 14767 13335 13413 13787 13558 13759 13749 13763 13614 13675 13738 14348 13987 13613 13649 13747 13806 14625 13517 13612 13720 14871 14864 14862 13726 13753 13308 13330 13729 13758 13869 13789 14829 14776 13753 13731 13653 13694 13743 13293 13799 13763 13794 13692 14061 13745 13589 13797 13749 13744 13695 13720 13753 15231 13665 13493 13779 13591 13669 13743 13404 13709 13739 13777 13364 13390 13748 13552 13553 13720 13510 14220 13769 13583 13621 13748 13406 13755 13744 13822 13726 13770 13739 13613 13595 13730 13744 13733 13504 13838 13752 13781 13692 13788 13801 14839 13617 13663 13819 13730 13726 13733 13726 13679 13853 13788 14722 13427 13618 13766 13659 13758 13749 13782 13782 13776 13525 13553 13775 13730 13729 13732 13771 13575 13643 13754 13789 13516 13555 13745 13648 13673 13750 13617 13608 13744 13654 13685 13730 13767 13717 13756 13751 13721 13771 13770 13420 13424 13617 13663 13740 13570 13647 13689 13681 13689 13784 13443 13671 13710 13752 13721 13749 13741 13738 13771 13708 13780 13776 13741 13574 13658 13733 13518 13563 13769 13762 13762 13777 13937 13319 13765 13587 13746 13744 13758 13721 13742
[L] cuSPARSE
[D] 8019 7974 8338 7827 7884 7949 8010 8375 7882 7882 7856 7993 8050 8142 7829 7884 7944 7973 8058 7880 7810 7863 7998 8083 8160 7845 7894 7886 8090 8123 7881 7903 7997 8067 8104 7873 7875 8180 8075 8081 8356 7753 7956 8027 8081 8132 7883 7925 8556 7683 7843 7749 7891 8034 8154 7893 7872 7884 7946 8015 8179 7852 7913 7865 8621 8053 8108 7868 7850 7842 8068 8189 7783 7834 7948 8083 8109 7839 7879 7934 8084 8056 8483 7929 7829 8013 8071 7814 7900 8108 7916 8038 8095 7888 8211 7894 8086 8011 7843 7787 7881 8066 7819 7877 7646 8132 7726 7843 7915 8056 8137 7933 7878 7916 7950 8023 8102 8065 7863 8065 8041 8102 7846 7763 7915 8071 7990 7847 7757 7933 8282 8101 8185 8345 7901 8263 8088 8121 7809 7851 8498 8112 7839 7891 7646 7854 7707 7854 7908 8045 8020 8138 7878 7858 7944 8062 7869 7797 7866 7922 8089 8403 7772 7835 7912 8066 7994 8157 7865 7850 8009 8115 8157 7762 7883 8027 8015 8100 8290 7927 7871 7946 8082 8126 7844 7832 7917 8101 8111 8173 7810 7910 7970 8071 8162 7892 7851 7937 7691 7877
[L] sm_l2
[D] 6897 6740 6763 6761 6800 6740 6753 6726 6766 6724 6757 6969 6732 6750 6991 6873 6762 6730 6739 6732 6732 6763 6755 6758 6734 6856 6774 6758 6841 6757 6755 6793 6751 6754 6759 6739 6757 6771 6731 7092 6726 6922 6818 6737 6748 6845 6898 6714 6738 6719 6709 6779 6719 6724 6736 6743 6857 6736 6703 6841 6731 6724 6756 6718 6869 6878 6740 6864 6886 6737 6792 6838 6859 6867 6758 6713 6742 6752 6729 6805 6711 6838 6696 6728 6827 6724 6726 6742 6741 6747 6732 6746 6733 6759 6879 6736 6730 6769 7136 6759 6751 6822 6702 6722 6745 6703 6753 6728 6732 6782 6734 6727 6710 6745 6737 7487 6885 6864 6964 6705 6727 6753 6732 6771 6711 6759 6846 6740 6907 6815 6720 6759 6844 6745 6767 6726 6742 6728 6734 6757 6767 6749 6719 6743 6723 6868 6867 6752 6741 6822 6723 6717 6830 6818 6794 6744 6724 6747 6716 6737 6729 6727 6705 6746 6729 6745 7150 6768 6782 6952 6739 6772 6860 6753 6700 6865 6868 7158 6887 6859 6772 6710 6732 6784 6722 6714 6695 6756 6723 6738 6713 6854 6728 6699 6822 6752 6739 6752 6767 6859
[/DATA]
