[INFO]
experiment_name patents_companion
variable K
N 3774768
M 3774768
K 256
sparsity 0.999999
description Compare matrices with K=[32,128,256] for patents companion
runtime 550
n_warmup_iterations 10
sequence_number 3
[/INFO]
[DATA]
[L] Baseline
[D] 114541 114652 114903 114594 114841 114698 114795 114617 115422 114335 114968 114935 114861 115170 114608 114526 114618 115002 114898 115228 115714 114958 115035 115038 114414 114961 115105 115191 114864 114600 114847 115019 114962 115366 115126 114902 115123 114732 114895 114691 115014 114652 114898 115016 114848 114673 114804 116637 114582 114424 115032 114764 115188 114727 114685 115102 114021 114707 114731 114647 115213 114665 114507 114747 114768 116056 114959 115164 114767 114949 114757 114916 114986 114830 114602 114889 115164 115096 115078 114603 114816 114492 115603 114478 114695 115003 115137 114458 115164 115078 115137 115078 114537 116029 115448 114723 114501 115488 114567 114810
[L] cuSPARSE
[D] 31595 31440 31586 31598 31608 31093 31419 31334 31561 31556 31551 32516 32005 31248 31524 31568 31576 31241 31189 31398 31637 31223 31330 31242 31641 31114 31352 31404 31351 31723 31501 31409 31599 31540 31208 31549 31111 31536 31294 31380 31399 31211 31549 31639 31536 31737 31461 31530 31972 32786 31327 31223 31435 31546 31593 31188 31579 31587 31527 31316 31564 31319 31227 31350 31295 31555 31580 31094 31799 31268 31325 31521 31359 31825 32801 31199 32613 31695 31495 31434 31760 31537 31614 31615 31470 31550 31836 31225 31439 31360 31544 31116 31566 31309 31627 31643 31722 31338 31849 31541
[L] sm_l2
[D] 50033 50015 50021 49950 50836 50038 50047 50029 50029 50043 50181 50804 50025 50025 50027 50030 50070 50041 50187 50042 50036 50038 50044 50035 50029 50030 50035 49929 51408 50029 50070 50037 50216 50084 50021 50175 50798 50040 50036 50027 50027 50170 50177 50027 50044 50036 50036 50033 50026 50041 51166 50168 50036 50063 50021 50025 50183 50001 50032 50034 50031 50053 50051 50029 50040 49946 50352 50019 50035 50043 50018 50021 50033 50051 50208 50194 50041 50034 50073 50067 49998 50011 50189 50038 50093 50064 50053 50072 49983 51409 50045 50075 50037 50051 50058 50062 50050 49988 50047 50061
[/DATA]
