[INFO]
experiment_name patents_companion
variable K
N 3774768
M 3774768
K 128
sparsity 0.999999
description Compare matrices with K=[32,128,256] for patents companion
runtime 388
n_warmup_iterations 10
sequence_number 2
[/INFO]
[DATA]
[L] Baseline
[D] 54208 54002 54170 54232 54066 54226 54172 54395 54246 54292 54522 54284 55176 55025 54252 54319 54246 54281 54322 54317 54219 54336 54230 54123 54337 54303 54279 54406 54303 55411 54262 54335 54495 54321 54332 54258 54257 54105 54346 54303 54132 54382 54502 54423 54181 54211 54299 55178 54200 54438 54355 54276 54027 54399 54299 54145 54435 54474 54201 54247 54197 54318 54323 54278 55790 54502 54332 54258 54339 54465 54330 54201 54394 54357 54409 54157 54387 54251 54386 55037 55241 54275 54494 54266 54040 54264 54269 54279 54143 54058 54287 54267 54012 54312 54329 54343 55697 54296 54385 54228
[L] cuSPARSE
[D] 17109 17462 16686 16968 17223 16827 17166 16948 16987 17310 16852 16934 17092 16978 16985 17104 17224 16776 17118 17155 17244 17340 17275 17173 16819 16919 17118 17062 16985 16937 17143 17186 16917 17102 16871 16918 17183 16833 17107 17212 16821 17099 16977 17793 17027 17742 16929 17109 17199 16842 17164 16904 17076 17171 16952 16841 17031 17204 17072 17163 17104 17041 17239 16783 17241 17157 16965 16948 17124 17196 16819 17018 16916 17113 17163 16914 17085 17231 17235 17156 17030 17210 16815 17274 17295 16937 17338 16900 16824 16960 17117 17156 17196 16847 17136 16881 17028 17231 16970 17102
[L] sm_l2
[D] 38040 37963 37952 38030 38210 38663 37963 38046 38193 37993 37980 38061 37983 37992 38084 37970 37978 38052 38076 37976 38061 38037 38789 37965 38062 37953 38040 38043 39105 38091 38109 38188 38182 38112 38114 38050 38361 37982 38051 38064 37996 37981 38060 38098 37992 38020 37968 37952 38057 38049 37970 37960 38077 37957 37989 38050 37957 38103 38198 38173 37970 38099 38190 38049 37973 37972 38052 37992 37984 38040 38192 38159 37948 38055 38717 38107 37958 38044 37967 38015 38055 37972 37986 38045 38394 37994 38053 38065 38661 38075 38067 38055 37992 37998 38052 37983 37999 38029 38310 37951
[/DATA]
