[INFO]
experiment_name patents_companion
variable K
N 3774768
M 3774768
K 128
sparsity 0.999999
description Compare matrices with K=[32,128,256] for patents companion
runtime 738
n_warmup_iterations 15
sequence_number 2
[/INFO]
[DATA]
[L] Baseline
[D] 54975 55501 54873 54199 54353 54451 54408 54292 54472 54123 54065 54156 54205 54315 55036 55665 54878 54441 54341 54171 54282 54082 54264 54302 54246 54382 54217 55616 55437 54846 54101 54176 54275 54357 54348 54190 54318 54320 54193 54443 54337 54278 54280 55630 54869 54299 54243 54311 54305 54371 54484 54485 54316 54405 54091 54115 54221 54627 55631 54863 54095 54263 54415 54383 54184 54192 54223 54331 54175 54283 54322 54509 55735 54745 54274 54303 54383 54353 54332 54097 54376 54321 54393 54352 54414 55510 54252 54332 54401 54312 54295 54272 54391 54266 54413 54088 54070 54383 54307 54305 54441 54330 54404 54502 54419 54210 54356 54206 54499 55382 55054 54462 54199 54289 54388 54493 54293 54402 54656 54455 54330 54670 55530 54979 54334 54463 54221 54497 54270 54354 54336 54339 54311 55314 54107 54038 54399 54375 54158 54472 54241 54090 54287 54577 54417 54131 54126 54502 55538 54648 54465 54170 54416 54354 54182 54418 54253 54250 54316 54863 55507 54789 54292 54406 54449 54407 54283 53909 54281 54357 54409 54304 54313 54223 54419 54457 54292 55540 55537 54200 54373 54183 54458 54184 54278 54227 54272 54136 54394 54404 54292 54310 54141 55465 55376 55266 54678 54262 54282 54171
[L] cuSPARSE
[D] 16965 16994 17295 16894 17423 17021 17146 16996 17203 17356 16869 17062 17259 17315 17214 16927 17363 17287 17310 17239 16844 17193 16853 16909 17224 17303 17200 16897 17600 17536 18042 16987 16886 17047 17315 16833 16776 17227 16892 17004 17274 16959 17172 17252 16910 17038 17210 16991 16996 17271 17342 17205 16935 17028 17279 16943 17070 17024 17278 16977 17163 17002 17147 17114 17158 17320 16898 17066 17268 16859 17041 17367 16901 17241 17315 16890 17044 17269 16895 17135 17246 17010 17290 17412 17119 17881 16983 17607 16946 17687 17514 17440 17045 17806 17121 17331 16938 17044 17157 17265 17364 17119 16980 17155 17344 16958 17128 17233 16919 17161 17205 17143 16858 17253 16947 17511 16976 16942 16929 17054 17210 16969 17401 16967 16865 16985 17230 16769 17283 17556 17005 17241 16887 17243 16931 17129 17268 16997 17670 17255 17563 17463 17386 17001 18017 16895 17650 17141 16873 17180 17153 17351 16861 17130 16933 17161 17209 17169 16849 17371 16866 17113 17187 16883 17144 17059 17030 17229 17017 17489 16964 17018 16910 17100 17448 16940 17161 17099 17126 17206 16959 17040 16908 17333 17346 17189 16996 17155 17229 16976 17025 16999 17213 16882 17056 16787 16941 16877 16888 17262
[L] sm_l2
[D] 38045 37971 37993 38190 38194 37957 38113 38237 39343 37963 38036 38053 37963 38001 38075 37996 38118 38214 38062 37963 37988 38041 38038 37987 38039 38054 37956 38021 38081 37958 37952 38054 38214 37968 37973 38223 38046 37961 37995 38067 37974 38022 38040 37958 37972 38213 38060 37987 38098 38050 38294 37956 38032 38973 37982 38067 38052 38057 38048 38186 39788 37959 38113 38067 37952 38068 38068 39668 37963 38123 38035 37973 37961 38046 37972 38002 38215 38051 37957 38017 38039 37980 37957 38216 38369 37979 38042 38237 37963 37969 38088 38082 37961 37974 38093 37987 37993 38041 37954 37956 38207 38089 37955 37995 38048 37987 37965 38081 38056 38002 38207 38192 38295 38114 38196 38246 39318 37976 38053 38071 37961 38003 38104 37998 37958 38054 38072 37966 38001 38221 37999 37991 38047 39360 37961 38102 38049 37978 38139 38204 38191 38038 38072 38213 38071 37964 37988 38034 37949 38011 38107 39369 37966 38138 38192 39068 37982 38061 38118 37993 37957 38081 37969 37982 38178 38195 37961 37952 38185 38090 37956 37953 38042 37957 37988 38065 37964 37981 38158 38049 37956 38141 38178 38078 37960 38013 38052 37990 37937 38046 37975 37979 38194 38197 37950 38111 38059 38211 37991 38008
[/DATA]
