[INFO]
experiment_name patents_companion
variable K
N 3774768
M 3774768
K 256
sparsity 0.999999
description Compare matrices with K=[32,128,256] for patents companion
runtime 1045
n_warmup_iterations 15
sequence_number 3
[/INFO]
[DATA]
[L] Baseline
[D] 115012 115546 114772 116471 114825 115161 114660 115018 114892 114983 115311 115267 114952 114585 114621 114728 114896 114722 115001 115086 114820 115585 114716 115416 115222 114814 115172 115164 114978 115157 115096 114940 114589 114712 115834 115031 115434 115178 114930 114791 116268 115069 114864 114732 114996 114790 115015 116224 114949 115008 114879 115383 115601 114566 116151 114587 114580 114799 114607 114877 115141 115228 114942 115241 114957 114653 114939 114280 114655 114802 115830 114968 114695 114671 115299 114662 114508 115038 114851 115009 114483 116153 114717 115097 114708 115163 114760 115047 115597 114949 114825 114733 114833 114882 114421 115583 114431 116091 114832 114506 115227 115056 115600 114787 114735 115001 114759 115100 114734 114917 114717 114395 115251 114921 114941 115271 114944 114816 114521 114953 115365 115176 114750 114379 115177 114997 114743 114962 114838 116573 114756 114287 114705 114906 114804 115036 114925 114767 114891 114707 115915 115092 114649 114633 114324 115175 115217 115139 114845 114637 115215 115864 114744 115143 115012 115301 115048 114776 114975 114675 116428 114648 114483 114991 114731 114922 114951 114921 114792 114238 115173 115352 114815 114960 114825 114490 115105 115258 114813 114354 114489 114827 114629 115172 114613 115132 114917 115004 115197 116295 115044 115223 114730 114825 115103 114896 115733 114813 115245 115155
[L] cuSPARSE
[D] 31970 31263 31348 31430 31075 31500 31415 31507 31618 31337 31567 31300 31543 31268 31350 31326 31229 31530 31296 31428 31524 31376 31607 31316 31200 31463 32273 31607 31751 31684 31421 32254 31762 31751 31667 31874 32585 31423 31489 31704 31546 32227 31487 31681 31352 31358 31478 31535 31929 31502 31316 31452 31334 31438 31358 31689 31643 31492 31201 31385 31379 31476 31605 31363 31361 32315 31314 31670 31675 31336 31572 31376 31295 31782 31548 31305 31465 31541 31452 31486 31492 31543 31408 31265 31534 31331 31399 31597 31327 31598 31317 31359 31372 31449 31415 31342 31581 31460 31374 31979 31483 31590 32752 31455 31091 31410 31230 31280 31477 31401 31474 31610 31231 31431 32765 31317 31499 31521 31735 31280 31757 31248 31085 31602 31450 31433 31258 31727 31157 31438 31469 31122 31707 32764 31348 31561 31284 31677 31562 31757 31582 31422 31322 31561 31524 31533 31624 31540 31336 31703 31488 31659 31450 31397 31629 31337 31602 31642 31350 31516 31399 31509 31502 31516 31565 31407 31333 32393 31557 31808 31329 31348 31713 31413 31614 31575 31322 31254 31250 31394 31399 31604 31404 31601 31299 31460 32056 31178 31304 31170 31541 31167 31564 31600 31602 31202 31239 31533 31222 32183
[L] sm_l2
[D] 49934 50031 50029 50054 50080 50028 50036 50204 50038 50182 50048 50025 50072 50025 51035 50028 50032 50039 50033 50027 50063 51333 50030 50040 50199 50171 49955 51336 50034 50018 50046 50064 50047 50191 49958 50030 50053 50081 50087 50035 50208 50111 50045 50036 50091 50056 50051 50081 51809 50038 50040 50066 50048 50049 50041 49976 51361 50181 50082 50190 50046 50062 50080 49950 51355 50072 50232 50057 50090 50067 49973 50051 50084 50192 50077 50204 50051 50042 50037 50066 50071 50059 50047 50299 51032 50048 50069 50057 50073 50208 50287 49972 50205 50089 50065 50057 50066 50041 50440 50046 50091 50052 50065 50048 50069 50087 50053 50220 50057 50080 50057 50046 49975 51359 50250 50047 50057 50194 50062 50067 50309 50069 50074 50042 50059 50036 50080 50019 50203 51007 50033 50184 50035 50058 50045 50097 49961 50067 50082 50192 50042 50197 50079 50088 50074 50041 50093 50083 50074 50208 50057 50080 50109 50061 49973 51194 50238 50050 50081 50057 50083 49976 50041 50051 50039 50035 50045 50194 50058 50029 50044 50067 50071 50197 49955 51036 50051 50039 50101 50039 50071 50039 51625 50051 50057 50078 50097 50052 50272 50208 50189 50192 50242 50061 50047 50084 50071 50033 50068 50070
[/DATA]
