[INFO]
experiment_name Cache experiment [Release]
tile_size_row 50
tile_size_inner 30
tile_size_col 60
x_num_row 512
xy_num_inner 512
y_num_col 512
n_experiment_iterations 50
[/INFO]
[DATA]
[L] tiled_mat_mult [f] ts[16],[512,512,512]
[D] 87109 88102 87425 87963 87074 88260 88713 88719 87939 88299 88772 88394 88771 84248 88430 84365 86908 87119 90825 89883 88803 90450 87789 88007 88959 88227 88357 88733 87957 87565 87697 87110 87989 86737 87211 87410 87288 88018 87775 86956 87970 87201 87533 89568 88387 87947 87595 87755 88099 89476
[L] tiled_mat_mult [f] ts[32],[512,512,512]
[D] 196379 196316 197699 196413 196412 195331 195299 195319 194919 195236 196316 196061 195877 195610 195119 195598 195561 195459 195368 195397 195532 195475 195449 195530 195180 195480 195404 195209 194909 195106 195371 195142 195141 195001 194599 194797 195027 195114 195226 194123 194360 195284 195253 195063 195517 195332 195197 195107 195000 194784
[L] tiled_mat_mult [f] ts[64],[512,512,512]
[D] 228587 229869 230733 229530 229877 229925 231448 232503 232313 232084 214741 231599 232523 231943 226946 230817 231427 231774 229646 231825 230942 229983 228804 230302 231463 231690 231399 231264 232457 232797 231322 231222 230609 231384 232481 232503 232619 231352 231352 232078 231861 231800 230175 231758 231239 232325 232818 231402 232563 229385
[L] tiled_mat_mult [f] ts[128],[512,512,512]
[D] 223100 222901 221683 221828 222768 221657 223140 223166 222966 223014 222896 222327 223367 223323 222615 220065 222780 221603 222850 224068 224342 224191 224379 224622 234475 225976 223594 223803 223481 223776 223650 223676 223902 225621 225835 225391 225604 225897 225899 226046 226060 225565 223086 224462 223322 224361 225417 225741 225548 225233
[L] tiled_mat_mult [f] ts[256],[512,512,512]
[D] 277325 277432 277545 277527 277186 278353 278075 277469 277032 277007 277060 278199 278356 278296 278237 278180 278415 278752 278831 278758 278465 278552 278194 278375 277040 272101 277445 277190 277571 276892 278068 278324 277765 275669 275319 276173 276010 276053 275904 274989 275723 275383 274972 275918 274957 276500 276885 274806 275936 271654
[L] tiled_mat_mult [f] ts[512],[512,512,512]
[D] 295003 294704 294564 294139 294094 293885 293724 293171 293287 293858 293856 293390 293593 293634 293828 293575 293703 293750 293411 293924 293648 293666 293696 294382 294430 293570 293771 293526 293568 293520 293738 293411 293206 293198 293228 293267 293101 293060 293080 293138 293398 293377 293301 293872 293557 293383 293601 293720 293417 293394
[/DATA]
