[INFO]
experiment_name parallel_sddmm
sparse_num_row 500
sparse_num_col 500
dense_num_inner 400
sparsity 0.1
n_experiment_iterations 50
n_cpu_threads 12
[/INFO]
[DATA]
[L] parallel (CPU)
[D] 1757257 591590 931182 484481 499391 531639 1021696 653061 634707 650979 434868 433965 610566 560081 600528 586712 619730 636669 594169 618942 658717 814618 619572 563066 563688 563616 618542 654394 801660 964845 526127 735010 721400 530408 723644 689888 621977 690108 541999 572039 615580 575333 587740 591813 669990 640100 657077 665799 687450 813593
[L] naive (COO,CPU)
[D] 802758 768715 926969 939604 909209 702301 686299 791070 747426 704742 810561 687389 735844 841968 712491 803460 894322 919747 821288 904525 908482 908243 910861 922225 814982 789490 796624 754321 799685 738674 803808 759243 794392 773294 772125 799533 741369 819181 786969 708320 795519 767491 788457 745754 913823 709821 705480 693654 756288 707907
[/DATA]
