[INFO]
experiment_name parallel_sddmm
sparse_num_row 500
sparse_num_col 500
dense_num_inner 400
sparsity 0.1
n_experiment_iterations 50
n_cpu_threads 2
[/INFO]
[DATA]
[L] parallel (CPU)
[D] 543461 656494 621771 603466 588274 668157 638347 628708 674885 637413 622497 616382 656995 689835 640191 669106 616343 600322 591518 594537 598713 596464 596367 608188 583046 589610 604134 605926 586626 580747 616237 628090 614854 625037 611876 625852 654312 622217 618638 588192 628001 615169 671625 639073 621609 607075 603038 617320 627462 636120
[L] naive (COO,CPU)
[D] 689928 719885 709153 709392 742613 781193 770660 725111 694480 690094 725846 704960 746042 765599 744559 721386 708375 695649 748403 762102 730184 736865 723694 729766 725557 741945 724204 694316 713635 724970 701318 763101 710758 731550 708281 711579 707936 696503 704951 700775 751785 735931 719351 730861 783005 718995 711258 732346 734082 715179
[/DATA]
