[INFO]
experiment_name parallel_sddmm
sparse_num_row 500
sparse_num_col 500
dense_num_inner 400
sparsity 0.1
n_experiment_iterations 50
n_cpu_threads 24
[/INFO]
[DATA]
[L] parallel (CPU)
[D] 929054 841139 824949 805085 780770 767460 786839 795643 763974 781934 758758 747373 792335 757978 764973 769282 747604 742350 762937 783158 797041 833558 758101 763049 743869 746493 758679 757570 765917 748817 756117 744878 751910 773886 757176 768044 762043 736147 735135 753543 755254 779848 770881 764043 750330 766152 778915 760748 767272 764278
[L] naive (COO,CPU)
[D] 762006 725066 686034 701997 696654 681701 677221 673739 671590 690397 672510 697678 711189 707320 701142 730036 709092 729772 715565 689240 678074 684304 680276 680919 679038 682323 685499 680890 684555 679833 684249 679616 680285 676608 684798 687041 693695 718523 746384 725316 722690 713667 720969 729817 734792 725655 708724 706941 742242 720108
[/DATA]
