[INFO]
experiment_name sparsity_small_K32
variable sparsity
N 10253
M 10253
K 32
sparsity 0.9995
description Compare matrices with K=32 for varying sparsity on small dataset
runtime 18
n_warmup_iterations 15
sequence_number 4
[/INFO]
[DATA]
[L] Baseline
[D] 87 88 180 87 107 208 86 208 110 109 177 83 86 185 87 182 84 87 173 87 182 209 110 184 87 87 208 87 202 208 87 179 109 211 172 174 176 214 210 179 98 181 179 212 108 185 211 385 182 110 208 188 87 208 212 87 212 110 252 88 109 209 82 109 183 110 181 178 84 209 208 88 184 88 210 209 87 210 185 181 283 183 179 209 210 88 186 186 87 233 186 390 210 89 209 186 86 212 88 87 212 82 257 184 88 207 110 108 184 88 109 208 88 371 108 82 183 109 87 183 70 87 184 87 108 214 209 177 210 88 208 210 88 203 83 87 187 88 349 209 88 211 108 88 203 99 117 209 88 352 207 87 207 88 82 184 111 83 207 113 468 209 86 184 116 106 208 210 88 210 210 186 186 109 184 209 89 182 110 84 209 88 87 184 108 182 86 88 208 89 82 184 109 231 185 111 179 109 111 177
[L] cuSPARSE
[D] 55 55 54 47 54 50 54 47 54 55 76 55 150 55 76 75 55 145 55 76 76 55 76 55 55 29 152 55 46 47 275 77 55 76 55 55 76 55 76 55 226 48 55 76 150 76 55 76 76 76 55 55 55 55 309 76 55 153 76 48 76 76 76 76 46 55 79 49 141 55 148 55 76 60 55 56 55 55 55 76 55 55 151 147 55 75 55 55 55 76 55 76 55 55 76 55 330 48 200 77 55 55 76 55 75 76 55 76 76 55 143 77 76 60 55 76 55 46 49 57 76 55 64 55 146 77 55 55 55 28 76 55 55 75 55 59 55 76 152 55 76 55 76 76 76 76 76 76 53 76 76 76 173 77 76 76 55 55 55 76 55 71 49 55 48 159 146 76 87 76 76 55 54 75 48 58 76 55 55 145 152 55 55 55 55 55 76 28 76 55 76 76 55 75 179 76 55 55 55 46
[L] sm_l2
[D] 170 157 309 143 158 160 182 155 152 147 163 158 128 178 149 156 156 158 142 148 156 154 150 133 146 159 155 130 206 124 128 147 159 143 158 184 177 152 199 187 129 161 160 190 175 162 164 140 145 190 180 164 171 158 166 146 160 128 238 280 162 323 139 167 145 159 162 141 146 167 253 165 252 176 155 160 267 161 126 153 144 165 200 319 279 139 156 148 163 163 132 250 140 141 249 127 301 346 148 160 143 309 140 147 125 137 156 157 141 287 256 184 145 153 249 247 145 159 163 188 179 135 169 181 141 157 195 248 162 255 141 155 312 311 206 168 169 273 159 149 157 124 189 131 148 158 284 159 142 167 151 139 185 144 148 138 147 193 200 188 150 151 131 161 159 193 165 165 172 145 141 160 194 164 282 179 147 196 162 145 174 165 174 155 137 155 166 138 176 236 169 163 158 170 159 188 170 141 151 196
[/DATA]
