[INFO]
experiment_name sparsity_small_K32
variable sparsity
N 10253
M 10253
K 32
sparsity 0.9999
description Compare matrices with K=32 for varying sparsity on small dataset
runtime 17
n_warmup_iterations 15
sequence_number 5
[/INFO]
[DATA]
[L] Baseline
[D] 74 73 72 75 73 75 73 73 73 74 73 75 65 74 73 74 73 74 66 73 75 74 74 73 74 74 74 74 71 75 73 74 73 73 76 73 73 74 73 73 74 73 67 74 64 67 74 74 74 73 75 85 74 75 74 74 74 75 74 74 73 71 78 74 74 75 74 74 74 73 75 73 73 75 73 74 74 73 199 74 74 75 73 73 71 72 170 75 74 74 73 74 74 74 82 75 72 76 73 73 73 73 73 82 74 74 73 73 74 73 74 171 74 74 73 74 74 73 73 239 73 74 74 74 74 74 74 73 74 73 74 74 73 74 91 74 76 73 74 73 73 74 277 73 66 74 73 73 74 73 65 73 292 74 73 74 74 73 74 73 74 67 73 74 74 74 75 73 74 75 73 74 74 74 73 74 74 159 74 74 75 74 74 69 69 239 69 70 164 69 90 69 64 71 70 91 70 68 71 61
[L] cuSPARSE
[D] 24 24 24 24 24 25 24 24 24 27 25 26 24 24 24 24 24 24 24 24 25 24 24 24 24 23 24 24 24 24 24 24 24 24 24 24 24 24 24 329 25 25 25 25 24 25 24 23 25 22 25 25 24 25 26 25 25 25 24 25 22 25 24 25 25 25 24 25 24 316 26 24 25 21 24 25 24 24 24 24 24 24 26 24 24 26 24 21 24 24 24 24 24 24 24 25 25 22 24 361 25 24 24 25 25 24 25 25 25 24 25 25 22 22 327 26 24 24 24 24 24 24 24 24 21 24 24 24 24 24 23 24 24 24 25 24 24 24 24 21 24 24 24 24 25 27 25 24 25 25 22 25 22 24 26 27 25 25 25 21 23 24 24 24 24 24 27 21 25 24 21 24 24 24 24 24 25 22 25 24 24 23 24 24 24 24 24 24 21 24 155 25 24 24 24 23 24 24 24 23
[L] sm_l2
[D] 136 148 163 143 153 171 118 160 139 136 157 174 116 136 150 155 124 241 154 186 141 250 134 140 243 159 118 178 243 135 133 158 140 147 261 241 132 149 132 260 147 205 339 201 173 154 302 135 161 154 138 162 118 150 154 141 182 148 152 155 137 163 151 137 134 133 181 245 162 162 192 144 149 132 199 207 120 132 139 152 150 151 273 132 132 146 163 137 183 151 171 144 132 159 166 154 158 157 206 189 154 151 181 138 134 136 158 194 311 184 131 176 148 189 207 173 160 173 282 368 150 299 171 183 154 158 136 141 213 154 182 147 169 268 245 153 147 135 263 151 176 248 258 148 240 151 151 251 135 147 133 240 152 303 321 151 161 243 142 278 240 153 151 402 298 131 150 134 137 312 179 139 146 118 304 148 135 135 266 169 156 138 157 133 161 356 274 253 147 163 152 121 151 141 154 141 137 229 199 274
[/DATA]
