[INFO]
experiment_name sparsity_small_K32
variable sparsity
N 10253
M 10253
K 32
sparsity 0.999
description Compare matrices with K=32 for varying sparsity on small dataset
runtime 19
n_warmup_iterations 15
sequence_number 3
[/INFO]
[DATA]
[L] Baseline
[D] 198 210 194 222 195 195 221 199 223 194 221 223 199 101 225 219 96 221 220 100 225 219 217 102 221 190 222 221 218 222 223 223 190 221 221 189 122 221 193 122 220 219 122 193 197 225 219 192 193 222 222 219 222 198 223 122 223 218 97 220 221 424 100 219 220 96 195 195 102 221 190 197 224 268 101 199 194 219 177 215 210 217 98 190 219 120 192 194 248 219 221 189 222 223 219 221 223 229 95 224 221 105 218 220 189 128 196 220 122 218 195 123 222 219 222 196 194 217 223 223 197 122 193 218 309 199 194 213 92 199 191 105 201 190 203 193 188 198 203 192 93 203 205 284 200 200 205 201 200 189 102 201 190 103 200 190 191 192 199 191 203 195 196 191 188 186 188 199 187 194 199 198 191 94 200 200 95 194 192 201 193 190 200 191 203 96 200 199 98 199 200 233 105 188 200 95 200 190 96 194
[L] cuSPARSE
[D] 77 76 163 77 164 76 76 77 76 76 77 76 77 76 218 172 76 76 76 76 77 76 77 76 76 76 202 166 76 76 76 76 76 76 76 76 76 76 178 162 76 76 63 76 76 76 76 77 77 163 77 77 84 77 76 77 77 76 76 76 76 173 177 77 76 77 76 76 77 76 76 77 76 273 174 77 76 76 76 76 77 76 59 76 77 162 77 76 76 77 76 65 72 76 76 76 76 162 76 77 76 76 76 76 65 66 65 75 69 163 76 76 77 77 77 87 76 76 76 76 76 173 77 76 76 76 68 77 74 77 76 76 175 174 77 76 74 73 176 77 76 78 76 76 163 174 76 76 97 177 78 77 77 77 77 76 366 76 76 75 176 77 77 76 76 76 76 77 174 76 76 164 66 76 63 76 76 77 77 163 77 175 76 76 76 65 66 76 76 76 76 162 175 77 76 76 76 77 76 63
[L] sm_l2
[D] 165 163 139 131 200 193 131 173 170 181 154 131 227 164 512 150 141 165 132 160 207 167 169 141 150 162 151 180 195 160 154 163 151 160 166 155 132 268 320 294 157 154 294 271 191 165 166 165 216 271 281 131 146 162 133 163 259 162 273 152 147 163 136 185 259 147 275 143 148 159 343 254 263 150 259 149 132 305 140 285 148 258 164 277 295 281 316 254 164 288 300 136 252 277 291 261 149 149 168 193 195 138 180 141 198 165 219 272 166 163 172 164 168 187 184 166 140 171 165 198 200 154 131 320 152 152 200 149 328 139 137 157 164 145 162 191 148 135 154 146 153 139 208 154 147 150 147 147 153 167 205 153 155 161 138 135 147 193 170 177 171 158 155 158 227 186 206 142 152 165 162 158 287 152 134 257 133 150 147 310 159 189 154 158 150 134 286 164 269 174 186 263 165 152 177 258 171 147 141 261
[/DATA]
