[INFO]
experiment_name sparsity_small_K32
variable sparsity
N 10253
M 10253
K 32
sparsity 0.99
description Compare matrices with K=32 for varying sparsity on small dataset
runtime 25
n_warmup_iterations 10
sequence_number 1
[/INFO]
[DATA]
[L] Baseline
[D] 468 547 492 497 493 494 493 492 495 494 494 492 492 491 492 495 495 495 494 494 494 493 464 494 494 465 493 470 469 471 471 471 470 471 471 471 470 471 471 477 470 470 466 1623 1631 1628 1687 1654 1655 1916 1861 2036 2159 2069 5118 3228 2333 3462 3286 3307 3314 3962 3302 3284 3239 3929 3313 3314 3311 3399 3809 3538 3307 3316 3308 4195 3442 3304 3310 3833 3312 3310 3311 3310 3301 3363 3307 3993 3435 3306 3307 3334 4143 3774 4025 3719 3313 3876 4109 5269
[L] cuSPARSE
[D] 1618 2833 1879 1745 1639 3271 4149 830 894 830 4360 920 857 828 6658 852 829 2796 857 923 862 1693 1266 897 908 858 1069 2198 808 849 795 2575 800 1060 768 795 795 902 771 793 792 844 851 1432 793 759 716 2221 716 799 741 2032 1377 1952 813 714 872 770 1105 741 999 749 763 716 751 367 395 388 386 631 380 361 377 387 268 390 385 360 382 263 361 401 381 360 351 384 359 390 375 349 388 386 358 402 358 364 393 381 359 376
[L] sm_l2
[D] 306 305 343 324 333 342 323 347 344 425 314 351 341 353 343 312 296 304 292 351 339 303 352 321 343 292 320 296 306 304 432 337 296 325 297 453 286 324 299 346 329 308 335 303 322 302 303 299 304 286 275 305 279 323 276 289 433 400 269 295 278 269 285 331 339 444 272 426 296 294 348 414 278 274 421 275 425 430 415 431 308 362 302 314 271 271 296 358 299 286 273 267 328 328 316 279 294 315 301 350
[/DATA]
