[INFO]
experiment_name sparsity_small_K32
variable sparsity
N 10253
M 10253
K 32
sparsity 0.999
description Compare matrices with K=32 for varying sparsity on small dataset
runtime 10
n_warmup_iterations 10
sequence_number 3
[/INFO]
[DATA]
[L] Baseline
[D] 219 191 194 217 192 168 222 221 216 221 226 220 221 222 227 102 223 216 217 218 220 220 194 187 211 99 219 218 190 223 216 196 221 220 100 197 219 174 220 187 396 102 217 182 185 216 216 215 100 188 216 237 220 218 219 99 221 220 218 99 187 214 99 193 219 189 98 223 218 123 218 220 188 220 223 219 101 220 198 189 102 219 163 92 218 216 218 96 191 194 124 222 220 220 222 191 100 228 221 199
[L] cuSPARSE
[D] 165 194 72 93 94 93 93 93 65 72 92 165 94 93 93 93 94 97 94 93 65 72 164 94 72 93 73 94 93 93 67 93 93 194 68 72 93 93 93 73 96 93 93 93 250 197 95 72 94 73 94 68 97 93 68 168 93 93 72 72 93 93 94 73 93 72 162 94 93 93 72 93 52 65 93 93 94 236 94 93 93 93 195 94 73 93 93 93 127 193 94 94 123 94 94 94 72 94 94 205
[L] sm_l2
[D] 158 151 190 165 148 134 161 165 162 165 195 133 184 194 168 194 148 165 188 156 213 160 211 142 133 137 134 243 178 179 161 149 181 197 166 172 158 134 132 162 183 197 180 422 206 178 206 227 205 150 133 160 181 132 225 171 162 281 262 302 295 150 138 150 252 273 277 177 160 264 278 261 280 253 341 171 174 258 150 146 262 183 279 279 258 300 150 135 139 162 262 257 152 307 151 185 154 290 146 135
[/DATA]
