[INFO]
experiment_name sparsity_small_K32
variable sparsity
N 10253
M 10253
K 32
sparsity 0.9995
description Compare matrices with K=32 for varying sparsity on small dataset
runtime 9
n_warmup_iterations 10
sequence_number 4
[/INFO]
[DATA]
[L] Baseline
[D] 110 209 88 212 185 89 213 209 389 89 185 187 209 88 184 209 212 89 210 211 89 211 210 185 212 89 210 188 111 184 87 87 186 88 109 211 90 208 88 110 208 110 249 214 111 210 185 111 261 182 209 181 88 186 184 188 170 163 115 207 209 274 84 110 207 86 88 210 89 88 212 111 397 210 110 212 87 109 208 110 88 209 110 84 211 106 207 110 111 210 110 109 209 90 114 216 109 229 88 84
[L] cuSPARSE
[D] 56 147 78 77 77 76 77 77 177 176 77 56 177 50 77 77 77 56 54 77 77 77 306 78 76 177 78 77 77 56 77 56 77 77 77 175 177 175 49 77 77 77 77 77 77 56 77 77 56 174 153 78 51 77 55 77 76 76 55 77 77 77 146 78 56 56 77 78 83 77 56 56 56 77 57 151 78 77 77 77 77 56 77 56 77 76 56 54 77 176 56 77 77 77 77 77 56 77 77 49
[L] sm_l2
[D] 245 298 153 157 126 129 149 148 176 168 171 157 170 171 173 178 143 131 156 148 149 154 215 150 156 153 154 148 193 163 134 126 156 170 140 209 287 149 152 124 252 139 143 159 160 168 149 149 144 184 166 162 148 150 170 127 184 163 173 180 188 165 126 212 168 157 147 162 158 129 171 128 146 187 274 151 154 177 142 246 266 138 122 124 170 167 140 354 138 142 141 191 171 139 149 149 144 138 150 249
[/DATA]
