[INFO]
experiment_name sparsity_small_K32
variable sparsity
N 10253
M 10253
K 32
sparsity 0.995
description Compare matrices with K=32 for varying sparsity on small dataset
runtime 32
n_warmup_iterations 15
sequence_number 2
[/INFO]
[DATA]
[L] Baseline
[D] 307 311 307 332 307 332 309 307 334 334 333 310 345 302 308 308 308 306 309 306 332 307 334 307 334 334 310 306 312 341 317 307 306 305 333 332 310 330 334 308 308 331 309 333 307 312 342 313 306 312 309 306 308 308 312 301 308 312 313 310 312 302 299 310 302 310 314 304 312 310 313 312 312 313 311 311 313 311 310 305 307 311 303 303 309 312 312 304 302 313 315 324 313 311 311 312 311 4286 1025 1063 1079 1059 1065 1177 1103 1106 1152 1151 1154 1177 1179 1191 1239 2434 1249 1344 5052 1322 1326 1340 1354 1346 1365 1360 1368 1447 1450 1453 2170 7519 4375 4218 2072 10139 3911 2091 2631 4048 4560 3860 2123 2255 2110 3592 2085 2125 4077 2136 4193 2113 2093 4215 4100 2200 2298 2440 3609 2762 2350 4213 4032 2184 2172 2868 2161 2160 2156 2157 2156 2169 2158 2165 2412 2264 2238 4116 3761 2152 2165 3815 2161 2160 3065 4574 2158 2119 4298 4481 2163 2162 2156 3441 4083 2165 2203 3942 2145 2153 2149 2318
[L] cuSPARSE
[D] 1803 1199 1181 8399 9595 115 96 200 103 102 102 359 103 103 102 102 192 103 102 102 227 104 94 102 194 197 104 103 249 359 200 102 102 199 196 103 102 200 103 198 103 97 192 346 196 102 205 102 192 99 193 103 96 189 103 199 102 102 198 192 102 102 198 195 103 102 102 193 192 93 102 195 201 102 102 95 189 102 102 103 102 191 98 102 102 196 198 102 94 98 189 103 103 102 99 197 103 103 98 284 103 98 110 101 192 103 103 103 102 197 97 96 103 194 198 102 102 102 193 102 199 94 102 197 190 98 102 190 199 194 103 102 197 199 98 94 187 199 103 103 102 196 200 103 102 101 203 102 97 102 196 102 103 101 102 191 98 103 102 371 197 103 103 91 192 98 104 102 103 196 103 102 102 183 193 95 94 102 198 103 103 103 95 197 98 112 103 214 103 198 102 102 198 103 199 102 102 197 190 93
[L] sm_l2
[D] 210 222 243 244 220 222 211 190 190 351 225 240 233 250 228 231 271 198 247 214 235 246 232 225 207 233 234 256 221 204 370 201 211 333 202 218 198 235 352 187 192 187 318 342 261 369 222 341 193 214 191 346 196 196 341 189 226 276 229 229 193 227 206 286 190 208 319 214 203 431 326 194 219 190 212 204 313 192 205 360 238 319 198 217 201 318 261 198 346 224 209 186 193 231 353 230 219 217 233 207 270 216 249 253 233 208 232 250 240 217 200 231 222 214 212 237 214 200 230 193 222 221 234 241 230 238 213 190 228 256 257 204 219 249 215 214 264 201 241 356 235 281 193 220 241 225 247 228 225 191 233 238 226 264 230 189 192 239 216 209 320 198 360 226 228 218 235 215 224 331 327 249 349 317 219 313 195 218 387 209 188 222 341 202 313 312 274 215 252 329 199 337 325 205 230 195 341 212 343 206
[/DATA]
