[INFO]
experiment_name sparsity_small_K32
variable sparsity
N 10253
M 10253
K 32
sparsity 0.9999
description Compare matrices with K=32 for varying sparsity on small dataset
runtime 8
n_warmup_iterations 10
sequence_number 5
[/INFO]
[DATA]
[L] Baseline
[D] 69 96 188 71 70 70 70 90 70 70 97 65 91 65 70 91 96 67 91 70 90 70 70 70 68 91 71 66 90 96 73 72 91 91 91 70 70 70 225 68 91 185 67 91 92 70 69 91 91 70 90 67 90 68 70 70 71 91 70 70 331 98 70 70 91 69 93 284 72 70 70 90 70 90 74 66 67 70 91 70 66 90 69 70 92 70 70 70 67 189 98 91 70 70 90 24 248 71 91 66
[L] cuSPARSE
[D] 25 25 25 464 24 23 23 23 24 25 25 25 25 25 25 25 25 24 27 25 25 25 25 25 25 48 25 25 25 25 22 27 24 25 23 25 25 25 25 48 24 24 21 24 23 26 27 24 27 25 25 25 25 25 25 23 25 25 25 24 25 25 25 28 25 25 25 25 48 22 25 49 25 28 25 25 25 25 27 25 25 25 25 25 25 25 25 27 25 25 25 24 26 23 25 22 25 25 48 23
[L] sm_l2
[D] 135 198 279 205 122 145 144 147 168 162 679 147 133 269 129 167 141 123 130 264 132 265 169 184 164 154 134 157 164 146 122 146 120 166 116 147 154 116 134 142 132 140 158 163 133 169 158 124 114 138 175 182 183 135 121 119 120 150 130 245 139 151 141 129 114 173 173 176 122 123 138 151 163 184 144 160 151 148 147 147 160 128 121 120 114 133 139 166 300 264 145 144 247 262 120 127 277 133 262 139
[/DATA]
