[INFO]
experiment_name sparsity_small_K32
variable sparsity
N 10253
M 10253
K 32
sparsity 0.99
description Compare matrices with K=32 for varying sparsity on small dataset
runtime 48
n_warmup_iterations 15
sequence_number 1
[/INFO]
[DATA]
[L] Baseline
[D] 499 504 494 513 491 498 495 508 498 500 496 465 492 499 497 465 495 498 499 493 499 492 498 492 468 469 469 466 468 470 469 466 441 470 468 467 468 470 460 469 469 1586 1665 1666 1752 1614 1704 1812 1965 2162 2046 2165 5664 3203 3180 3239 3437 3793 3124 3243 3266 3188 3526 3508 3300 3324 3306 3393 3550 3305 3313 3317 3352 3422 4168 3513 3350 3286 3318 3286 3306 3317 3315 4154 3340 3315 3312 3558 4213 3309 3337 3314 3314 3311 3702 3291 3319 4180 3263 3312 3316 3312 3570 3317 3319 3590 3522 3316 3326 3319 3317 3311 3318 3527 3895 3311 3315 3338 3306 3312 3321 4065 3605 4116 3320 3953 3495 3323 3312 3309 3319 3543 3796 3988 3311 3354 3319 3313 3315 4139 3299 3310 3323 3347 3316 4164 3305 3310 3316 3319 4113 3340 3301 3308 3314 4144 3326 3320 3314 3314 3380 3316 3959 3721 3314 3305 3326 3320 4228 3506 3950 3315 3317 3291 3314 3938 3565 3278 3630 3362 3314 3315 3318 3313 3826 4808 3350 3885 3318 3320 3322 3346 4000 3292 3315 4158 3657 3313 3316 11256
[L] cuSPARSE
[D] 4240 4143 4126 2413 1990 259 224 257 141 257 259 335 254 260 233 229 161 256 259 162 259 161 397 259 140 257 171 124 258 161 162 256 140 221 140 161 233 161 161 231 141 225 257 132 252 162 161 256 166 161 225 232 140 257 232 256 258 162 258 262 162 254 162 162 232 161 253 161 142 257 162 124 233 141 132 255 161 328 162 140 257 162 141 255 162 159 255 134 299 162 162 256 256 140 233 235 162 257 140 367 260 162 257 261 161 206 234 201 216 117 206 205 202 204 232 138 140 233 140 142 259 133 255 162 141 258 260 141 234 261 224 248 140 254 259 162 257 162 140 259 161 124 258 140 252 139 162 225 161 161 257 141 306 140 140 256 162 162 257 162 162 257 129 255 172 161 257 233 162 258 260 321 256 140 254 265 162 259 141 155 258 162 287 222 162 221 163 124 256 140 130 226 140 133 256 166 254 140 161 256
[L] sm_l2
[D] 447 447 440 453 463 447 446 456 320 452 451 444 293 459 444 462 290 455 435 321 448 335 328 310 339 303 340 345 344 330 309 318 328 334 319 321 321 297 296 306 297 305 313 333 293 352 347 335 292 291 314 293 276 331 293 302 289 278 291 328 339 298 310 296 293 321 324 331 311 276 318 308 289 340 288 301 295 316 456 438 421 429 424 417 307 298 316 275 310 432 482 275 445 278 275 426 319 473 426 419 272 418 457 309 428 426 403 306 321 452 313 428 318 464 420 465 451 426 308 320 271 308 432 451 425 280 275 453 427 294 312 274 288 420 444 428 282 294 303 284 388 284 278 289 271 297 346 341 273 309 271 395 310 277 293 276 289 293 293 310 317 323 288 277 285 325 325 323 325 322 325 316 273 310 305 292 318 292 341 318 320 302 320 301 304 332 278 309 317 295 301 326 337 430 422 420 310 443 422 427
[/DATA]
