[INFO]
experiment_name sparsity_small_K32
variable sparsity
N 10253
M 10253
K 32
sparsity 0.995
description Compare matrices with K=32 for varying sparsity on small dataset
runtime 16
n_warmup_iterations 10
sequence_number 2
[/INFO]
[DATA]
[L] Baseline
[D] 299 316 307 304 316 312 317 316 317 311 316 314 317 312 312 306 313 298 316 312 317 314 317 314 309 307 305 310 305 312 316 318 318 317 306 299 318 316 317 315 334 334 336 306 335 330 334 331 331 329 335 309 337 333 334 330 336 340 337 336 342 335 334 332 350 332 307 330 307 332 334 334 309 330 333 332 336 338 333 332 335 305 333 330 335 308 336 334 336 333 333 332 334 332 339 305 335 330 331 329
[L] cuSPARSE
[D] 88 191 120 85 83 170 72 157 107 107 102 200 105 106 101 199 200 99 85 171 220 96 87 84 182 221 87 83 183 193 84 84 198 222 190 84 210 88 181 87 185 82 189 87 189 84 643 550 314 715 573 313 851 557 311 586 314 310 563 313 97 238 118 96 226 118 99 96 257 97 96 96 212 98 96 364 229 99 95 248 212 96 69 257 95 95 96 301 96 96 97 228 97 96 95 228 96 95 96 212
[L] sm_l2
[D] 192 234 227 224 209 223 201 234 217 236 208 231 241 268 262 220 235 212 346 250 252 252 237 269 197 258 245 212 256 247 320 215 218 212 203 245 186 218 225 238 231 199 219 201 234 243 216 212 210 220 234 257 212 215 265 205 214 218 202 202 313 313 204 220 348 318 252 190 316 206 339 228 200 323 186 312 220 327 230 198 225 330 204 366 204 215 191 191 334 318 191 214 205 327 204 206 215 225 220 232
[/DATA]
