[INFO]
experiment_name imdb
variable K
N 428440
M 896308
K 32
sparsity 0.99999
description Compare matrices with K=[32,128,256] for IMDB data set
runtime 76
n_warmup_iterations 10
sequence_number 1
[/INFO]
[DATA]
[L] Baseline
[D] 2233 2291 2620 2329 2316 14921 14935 14998 14940 15017 15069 15107 14962 15077 14901 15049 15049 14906 15030 15011 16703 14971 17783 14996 15013 14961 14938 15060 15006 14973 15026 15021 15001 15031 15054 15044 14845 14818 14995 14978 14828 18160 14976 14887 14827 15005 15041 14925 15102 15044 15031 15128 14997 15019 15120 15004 14949 14996 15042 15029 15041 14894 16272 14940 15022 15034 14876 14958 14998 14816 15047 15047 14953 15007 14995 14914 14955 15023 14994 16808 14993 15823 15040 15020 15012 15071 15020 15052 15020 14989 15014 14992 15018 14904 14772 15012 14946 15035 17832 14890
[L] cuSPARSE
[D] 1627 1636 1595 1531 1634 1607 1999 1489 1623 1627 1633 1632 1510 1656 1640 1632 1629 2001 1543 1628 1637 1622 1572 1642 1625 1634 1631 1988 1506 1578 1530 1592 2128 1530 1909 1623 1639 1628 1523 1649 1968 1631 1632 1491 1614 1639 1633 1624 1635 1566 1594 1550 1856 1578 1455 1641 1631 1624 1625 1603 1633 1560 1657 1577 1960 1739 1653 1654 1646 1431 1659 1657 1711 1589 1669 1609 1892 1587 1651 1580 1556 1682 1596 1658 1671 1430 1590 1654 2026 1652 1652 1933 1567 1657 1663 2034 1450 1655 1668 1577
[L] sm_l2
[D] 1037 1078 1055 1068 1020 1077 1064 1087 1062 1068 1059 1072 1070 1085 1031 1072 1057 1078 1057 1072 1079 1059 1052 1063 1068 1059 1058 1061 1064 1093 1056 1213 1211 1195 1220 1056 1216 1077 1209 1322 1064 1052 1090 1066 1050 1211 1076 1204 1090 1025 1060 1056 1072 1207 1050 1232 1044 1053 1073 1213 1039 1077 1091 1048 1070 1050 1051 1084 1443 1049 1069 1057 1053 1042 1149 1100 1052 1085 1073 1079 1172 1068 1071 1061 1046 1039 1165 1097 1062 1046 1191 1054 1156 1068 1031 1047 1192 1045 1195 1021
[/DATA]
