[INFO]
experiment_name imdb
variable K
N 428440
M 896308
K 128
sparsity 0.99999
description Compare matrices with K=[32,128,256] for IMDB data set
runtime 98
n_warmup_iterations 10
sequence_number 2
[/INFO]
[DATA]
[L] Baseline
[D] 10437 10225 10466 11814 11738 11634 11771 12586 11761 11653 11772 11674 11638 11527 11594 10185 10262 10695 10318 10998 12715 12140 12193 11807 11906 11802 62007 10494 10442 10636 11748 11656 11705 11654 11578 10802 11564 10918 13640 22655 10556 10609 10420 11018 11254 12376 21599 10652 10433 10581 10705 11042 12361 21152 10612 10491 10494 10680 11381 12917 48498 10643 10468 10633 10836 11004 12371 10852 10846 11182 10798 11804 12885 12623 12142 12619 11857 11717 11750 11784 11787 11732 11616 11520 11508 10694 10861 10992 10894 11310 13088 12141 12025 11910 11781 11875 11739 11687 11673 11605
[L] cuSPARSE
[D] 3854 3998 3719 3907 3649 3727 3811 3590 3868 3662 3748 3785 3703 3872 3661 3655 3874 4300 3736 3813 3646 3866 3670 3787 3864 3691 3890 3665 3688 3342 3579 3652 4011 3664 3874 3702 3705 3774 3598 3782 3831 3689 3793 3697 3739 3767 3716 3884 3519 3685 3802 3746 3679 3813 3695 3305 3813 3708 3773 3751 3649 4082 3608 3831 3715 3733 3924 3619 3784 3796 3697 3756 3767 3635 3815 3681 3812 3696 3717 3781 3603 3795 3805 3720 3812 3485 3707 3802 3738 4072 3791 3615 3782 3706 3635 3789 3690 3780 3722 3452
[L] sm_l2
[D] 7437 7557 7560 7707 7432 7388 7423 7406 7396 7449 7495 7464 7415 7380 7419 7436 7394 7412 7426 7437 7424 7420 7420 7426 8235 7547 7563 7406 7549 7395 7545 7425 7594 7639 7544 7551 7558 7531 7570 7540 7418 7544 7632 7572 7477 7428 7653 7541 7421 7470 7440 7433 7424 7455 7435 8015 7434 7476 7446 7449 7443 7422 7425 7430 7426 7432 7444 7433 7414 7546 7566 7419 7392 7546 7525 7542 7422 7406 7623 7555 7547 7544 7599 7572 7574 7416 7546 7536 7534 7432 7530 7634 7417 7428 7417 7404 7502 7428 7431 7406
[/DATA]
