[INFO]
experiment_name imdb
variable K
N 428440
M 896308
K 256
sparsity 0.99999
description Compare matrices with K=[32,128,256] for IMDB data set
runtime 126
n_warmup_iterations 10
sequence_number 3
[/INFO]
[DATA]
[L] Baseline
[D] 22539 22628 23008 23083 23854 22754 22856 23028 22998 23108 23029 23070 22985 22956 23073 23009 23287 23079 22981 22868 22942 22986 22789 22965 22997 22900 23110 23117 23061 23047 23032 23075 22950 23014 23011 22980 23007 22187 22910 23061 22900 23014 23036 22968 23028 23113 23075 23064 22965 22860 22954 22936 22948 22706 23074 23028 22992 22991 23065 23045 23082 23005 23606 23036 22997 22982 22893 23523 23006 23214 22275 22714 22974 22964 23047 22700 22961 22949 22914 23116 23008 22984 22994 22891 22947 22885 22972 22981 22964 23040 23016 23042 23057 23080 23031 23053 23017 22902 22950 22994
[L] cuSPARSE
[D] 6868 6570 6814 6573 6797 6799 6788 6857 6691 6977 6698 6956 6687 6939 6627 6941 6681 6892 6562 6726 6660 7037 7179 6728 6922 6345 6541 6822 6664 6943 6568 6824 6584 6814 6533 6758 6645 6733 6590 6723 6620 6716 7007 6660 6980 6715 6451 6951 6299 6697 7186 6683 6986 6659 6882 6607 6883 6674 6925 6641 6840 6621 6842 6655 6890 6269 6565 6917 6254 6614 6833 6672 6844 6705 6844 6879 6693 6833 6714 6984 6748 6914 6705 6935 6627 6876 6586 6880 6585 6861 6591 6787 6525 6800 6665 6778 6610 6776 7176 6703
[L] sm_l2
[D] 8208 8226 8323 8080 8210 8314 8210 8206 8220 8215 8227 8214 8231 8319 8217 8184 8119 8098 8085 8085 8096 8111 8199 8103 8095 9263 8088 8063 8105 8140 8116 8108 8300 8228 8196 8204 8057 8221 8230 8293 8218 8126 8301 8217 8227 8302 8209 8223 8255 8104 8107 8090 8138 8115 8103 8092 8072 8068 8107 8137 8090 8109 8124 8113 8120 8059 8306 8079 8234 8225 8229 8207 8225 8217 8229 8202 8295 8226 8215 8310 8237 8223 8326 8080 8105 8095 8106 8102 8113 8166 8088 8096 8110 8080 8098 8087 8197 8126 8106 8206
[/DATA]
