[INFO]
experiment_name imdb
variable K
N 428440
M 896308
K 256
sparsity 0.99999
description Compare matrices with K=[32,128,256] for IMDB data set
runtime 232
n_warmup_iterations 15
sequence_number 3
[/INFO]
[DATA]
[L] Baseline
[D] 22981 22376 22536 22524 22095 22209 22351 22454 23120 22339 22280 22244 22294 22282 22512 22987 25083 23349 22839 22231 22218 22287 22314 22353 22449 22371 22420 22416 22323 22258 23030 22481 22427 22567 22428 22626 22283 22832 23081 22415 22316 22235 23062 22481 22569 22291 22345 21791 22297 22271 22404 22431 22497 22334 21937 22194 22267 22451 22322 22454 22309 23132 22414 22244 22317 22316 22441 22518 21345 22263 22189 21425 22129 22635 22518 22478 22458 23012 22226 22550 22454 22418 21684 22461 22885 23367 22790 22471 22463 21929 22463 22467 23182 22367 22448 22358 22450 22435 22395 22459 22278 22335 22539 22567 22298 22360 22174 22504 22331 22357 22252 22329 22162 22444 23146 22395 22174 22290 22261 22167 22357 23018 22424 22382 22524 22453 23211 22371 22079 22412 22543 22451 22160 23191 22492 22336 22308 23108 22264 22419 21805 22150 23936 26088 25374 22342 22244 22246 22159 22523 22260 23060 22700 22317 22402 22464 22533 22438 21694 22456 23916 22451 22065 22364 22481 22494 22926 21859 22460 23085 22166 22608 22516 22559 22311 22270 22200 22528 22336 22001 22311 22299 22741 21796 22685 22217 22386 22166 22438 22119 22444 22072 22373 22433 22449 22349 22334 22255 22311 22384
[L] cuSPARSE
[D] 6898 6608 6884 6605 6884 6580 6332 6394 6826 6555 7138 6581 6815 6596 6621 7069 6737 7108 6335 6699 6666 6722 6641 6709 6660 6715 6996 6685 6952 6690 6904 6597 6901 6590 6902 6587 6807 6552 6766 6652 6808 6182 6750 6623 6725 6685 6987 6619 6711 6620 6552 6913 6575 6811 6638 6818 6814 6647 6687 6739 6671 7597 6621 6579 6970 6611 6881 6660 6915 6578 6698 6671 6792 6634 7431 6592 6703 6614 6713 6649 6580 6971 6703 7006 6700 6465 6877 6680 6987 6318 6710 6877 6637 6687 6608 6897 7185 6899 6590 6899 6621 6827 6656 6802 6705 6811 6620 6734 6610 6720 6858 6699 6985 6713 6991 6699 6393 6974 6709 6889 6846 6910 6631 6920 6631 6819 6556 6836 6645 6807 6822 6699 6603 6719 7043 6690 6962 6715 6980 6682 6949 6639 6877 6973 6884 6611 6799 6509 6806 7431 6833 6579 6781 6607 6814 6675 6768 6632 6732 6629 6995 6893 6623 6906 6646 6890 6643 6839 6651 6831 6708 6785 6615 6722 6960 6721 6614 6726 7010 6655 6992 6722 6864 6597 6906 6600 6906 6605 6892 6593 6797 6638 6792 6870 6681 7005 6725 6616 6711 6184
[L] sm_l2
[D] 8262 8243 8220 8650 8049 8184 8191 8132 8086 8304 8286 8135 8050 8184 8156 8184 8100 9148 8157 8067 8098 8095 8100 8098 8096 8869 8087 8058 8056 8332 8058 8071 8057 8038 8056 8184 8276 8230 8201 8189 8195 8144 8052 9189 8258 8289 8085 8171 8087 8437 8040 8868 8063 8075 8149 8069 8074 8065 8212 8070 8080 8101 8044 8043 8290 8305 8209 8213 8190 8265 8052 8275 8142 8303 8196 8637 8045 8300 8206 8319 8252 8066 8499 8083 8071 8037 8168 8111 8105 8105 8119 8111 8059 8323 8126 8049 8069 8151 8087 8072 8212 8193 8050 8046 8440 8210 8213 8205 8276 8086 8292 8155 8135 8212 8141 8196 8332 8081 8146 8080 8073 8063 8152 8095 8102 8098 8072 8043 8051 8393 8098 8096 8062 8161 8043 8164 8198 8306 8258 8059 8286 8272 9275 8190 8285 8037 8271 8287 8162 8198 9178 8190 8146 8216 8177 8072 8156 8108 8169 8077 8206 8501 8157 8084 8150 8157 8130 8090 8171 8168 8100 8050 8269 8040 8427 8227 8306 8195 8288 8449 8146 8040 8583 8290 8145 8205 8148 8061 8148 8059 8219 8068 8141 8089 8177 8109 8051 8124 8081 8062
[/DATA]
