[INFO]
experiment_name imdb
variable K
N 428440
M 896308
K 32
sparsity 0.99999
description Compare matrices with K=[32,128,256] for IMDB data set
runtime 140
n_warmup_iterations 15
sequence_number 1
[/INFO]
[DATA]
[L] Baseline
[D] 2272 2262 14902 15600 15162 14796 15065 15163 14974 14996 15157 15079 14926 14993 15072 14983 15110 14967 15031 15133 16056 15098 15114 18046 14978 14920 14922 14892 15079 15132 15030 15006 15129 15111 15066 15043 15073 16273 15048 15118 14914 15006 15021 17183 15090 15002 15136 15051 15134 15073 14941 15135 20596 15078 15114 15012 15067 14959 15026 15105 14862 15061 14905 15079 15009 15062 15105 16790 14851 18979 15113 15077 15275 14946 15106 15010 15114 15109 14905 15109 14977 15072 16690 14766 15070 15046 15056 15004 15113 14914 15126 15081 14824 18232 15101 18151 15045 15095 15037 16363 14927 15108 18222 15108 15068 15107 15006 14980 15098 15006 15094 15002 14929 14971 14994 15073 15978 14989 15045 15122 14958 14951 14910 14929 14949 15135 15149 14970 15047 14831 15014 17138 14983 14962 15007 16683 16433 15064 14803 15142 15021 16035 14818 14883 15122 15060 14803 14955 16065 14913 15129 15045 14787 15059 15086 15008 15065 14993 15133 15143 15101 14927 14981 18806 15110 15006 15017 14987 15108 15102 15116 14836 14896 18272 14890 15129 15090 15051 16809 15089 15047 15089 14862 15008 15047 15072 16448 14932 18413 14841 14893 15092 15341 15093 15066 15065 15086 15076 14858 20761
[L] cuSPARSE
[D] 1747 2008 2378 2044 2041 1667 1492 1635 2087 1552 1911 1483 1655 1648 2001 1648 1647 1943 1670 1639 1697 1652 1528 1997 1651 1655 1984 1626 1634 1979 1646 1628 1627 1633 1841 1545 1626 1422 1632 1668 1632 1639 1651 1617 1635 1754 1544 1647 1511 1638 1629 1634 1542 1502 1985 1649 1633 1825 1472 1536 1983 1544 1627 1966 1482 1658 1593 1632 1549 1631 1575 1564 1639 1638 1553 1532 1629 1542 1631 1632 1418 1794 1546 1633 1660 1484 1880 1540 1635 1616 1627 1496 1664 1628 1631 1572 1633 1572 1533 1638 1663 1490 1532 1631 1915 1614 1542 1914 1487 1673 1533 1636 1983 1511 1609 1604 1614 1511 1617 1580 1618 1611 1953 1567 1610 1612 1562 1523 1504 1609 2138 1518 1565 1413 1512 1917 1568 1609 1599 1541 1518 1606 1605 1596 1494 1557 1623 1614 1956 1592 1601 1614 1603 1525 1557 1608 2080 1499 1606 1481 1611 1995 1615 1603 1596 1595 1532 1615 1607 1550 1537 1619 1623 1613 1389 1615 1614 1627 1613 1521 1571 1619 1792 1523 1930 1506 1576 1618 1615 1515 1456 1604 1977 1602 1603 1611 1537 1496 1618 1624
[L] sm_l2
[D] 1212 1076 1204 1203 1200 1065 1044 1199 1043 1212 1205 1207 1061 1297 1217 1211 1207 1214 1201 1217 1045 1188 1071 1088 1053 1081 1053 1090 1206 1052 1048 1051 1052 1056 1053 1057 1044 1073 1049 1085 1043 1092 1043 1078 1058 1043 1066 1499 1036 1085 1053 1030 1062 1033 1071 1065 1059 1161 1028 1176 1176 1197 1188 1188 1718 1057 1042 1200 1184 1193 1173 1171 1185 1040 1177 1177 1205 1187 1870 1192 1193 1186 1180 1176 1313 1755 1171 1187 1177 1229 1179 1186 1162 1026 1057 1058 1087 1065 1027 1055 1047 1056 1059 1060 1062 1022 1065 1070 1072 1108 1061 1138 1061 1025 1037 1058 1057 1061 1096 1071 1068 1225 1065 1088 1086 1058 1053 1044 1076 1065 1192 1056 1178 1194 1173 1023 1068 1184 1025 1197 1181 1182 1053 1052 1224 1179 1182 1274 1190 1045 1048 1184 1027 1079 1280 1026 1177 1050 1189 1083 1205 1063 1026 1177 1138 1024 1073 1067 1034 1041 1064 1061 1074 1065 1592 1101 1025 1084 1054 1109 1047 1062 1062 1173 1029 1052 1057 1061 1061 1075 1021 1095 1048 1211 1066 1057 1028 1060 1056 1079
[/DATA]
