[INFO]
experiment_name imdb
variable K
N 428440
M 896308
K 128
sparsity 0.99999
description Compare matrices with K=[32,128,256] for IMDB data set
runtime 181
n_warmup_iterations 15
sequence_number 2
[/INFO]
[DATA]
[L] Baseline
[D] 11507 11510 11503 10760 10721 10750 10738 11808 10694 10456 10402 10331 10667 11255 12355 11889 11950 11902 10792 10773 10784 10783 12220 10315 10971 11209 10320 10538 11534 11659 11578 11529 11504 11501 28833 10461 10432 10519 10696 11026 12068 49225 10438 10416 10528 10808 11104 12493 10816 10777 10904 10807 11050 12865 10844 10726 10879 10901 12179 10217 10185 10185 10237 10840 12207 13417 12021 12410 11604 12020 11632 12006 11468 11908 11441 31734 10541 11057 10430 10606 10998 12400 10776 10938 10887 10821 11387 31617 10397 10415 10464 11015 12501 11868 10375 10302 10291 10549 11808 11646 11619 11620 12219 12172 11728 11713 11624 11508 11645 11585 11615 18546 10368 10300 10304 10697 12562 11629 11648 11505 11511 11442 10152 10216 10158 10216 10590 12275 11891 11916 11787 11752 11671 11680 11620 11633 11666 11633 11657 60665 10491 10361 10505 11038 12398 17616 10371 10297 10312 11537 61439 10526 10500 11011 10694 11787 12178 21500 10421 10557 10452 10393 11490 15188 10574 10466 10464 10811 11072 12300 30719 10557 10422 10589 10817 11001 12078 61672 10447 10442 10442 11039 12405 12906 61573 10568 10377 10393 11031 12364 12941 61479 10299 10358 10400 10942 11924 11791 11772 11713
[L] cuSPARSE
[D] 4071 3625 3679 3734 3618 3284 3789 3569 3791 3608 3598 3775 3583 3211 3673 3620 3785 3547 3757 3718 3590 3762 3620 3588 3827 3600 3754 3668 4012 3765 3551 3755 3737 3858 3875 3620 4234 3851 3541 3718 3678 3596 3856 3601 3731 3732 3541 4246 3697 3661 3716 3586 3747 3714 3651 3847 3532 3660 3733 3645 3843 3602 3592 3806 3417 3750 3649 3571 4249 3539 4064 3846 3599 3722 3636 3591 3704 3540 3731 3614 3638 3822 3605 3724 3826 3587 3824 3671 3591 4096 3642 3733 3665 3572 3853 3562 3692 3646 3635 3809 3722 3623 3807 3553 3862 3651 3585 3774 3555 3768 3730 3585 3765 3745 3630 3762 3724 3775 3621 3709 3809 3598 3730 3808 3564 3775 3621 3669 3852 3573 3883 3661 3618 3869 3550 3759 3752 3552 3869 3611 3597 3833 3689 3825 3641 3567 3731 3635 3727 3797 3622 3728 3567 3761 3814 3631 3705 4072 3668 3739 3577 3674 3727 3792 3747 3592 3167 3821 3655 3778 3565 3716 3569 3585 3845 3628 3835 3623 3863 3705 3598 3672 3737 3581 3755 3699 3593 3740 3529 3855 3726 3661 3730 3610 3805 3764 3481 3931 3585 3173
[L] sm_l2
[D] 7696 7416 7570 7527 7636 7524 7550 7456 7552 7419 7558 7547 7525 7530 7563 7587 7431 8262 7576 7401 7682 7400 7389 7419 7423 7399 7408 7416 7450 7434 7422 7424 7406 7431 7521 7434 7443 7420 7387 7432 7412 7419 7434 7388 7446 7547 7547 7568 7597 7645 7399 7567 7558 7632 7558 7564 7426 7546 7636 7429 7581 7398 7428 7545 7404 7407 7421 7430 7882 7503 7552 7437 7410 7531 7411 7398 7446 7504 7548 7389 7535 7465 7406 8064 7419 7423 7412 7411 7928 7456 7460 7449 7443 8194 7413 7403 7410 7410 7525 7635 7392 7449 7742 7524 7433 7503 7398 7594 7651 7437 7618 7399 7421 7540 7430 7472 7395 7402 7635 7414 7392 7457 7413 7393 7451 7409 7424 7459 7475 8266 7445 7425 7569 7451 7448 7448 7411 7449 7439 7446 8264 7412 7418 7761 7556 7451 7550 7406 7424 7388 7407 7688 7545 7432 7545 7416 7412 7462 7784 7643 7406 7394 7920 7549 7547 7574 7547 8458 7397 7418 7504 7430 7533 7417 7415 7432 7425 7539 7399 7412 7434 7484 7526 7411 7490 7435 7396 7521 7395 7511 7399 7409 7520 7421 7409 7417 7553 7404 7385 7454
[/DATA]
