[INFO]
experiment_name patents
variable K
N 3774768
M 3774768
K 32
sparsity 0.999999
description Compare matrices with K=[32,128,256] for patents data set
runtime 495
n_warmup_iterations 15
sequence_number 1
[/INFO]
[DATA]
[L] Baseline
[D] 12129 12181 11913 11972 12114 12122 12123 12099 12116 11968 12166 12122 12147 12120 12127 12090 12092 12090 12153 12140 12131 12112 12831 12153 12144 12114 12127 12128 12095 13217 12135 12114 12121 12111 12158 12090 12416 12121 12155 12944 12132 12457 12147 12130 12146 12147 12100 12123 12143 12111 12072 12123 12134 12127 12057 12092 12155 12108 12139 12113 12103 12429 12125 12756 12181 11806 11863 12135 12100 12129 12119 12172 12104 12119 12103 25232 12126 12114 12139 12075 12083 12129 12069 12141 12091 12193 12178 12008 12015 12143 17090 12125 12114 12098 12090 12136 12167 12137 11980 12030 12124 11985 12106 12100 12104 12098 12127 12171 12155 12001 12595 12113 12084 12115 12116 12133 12092 12171 12158 12171 12134 12132 12158 12107 12147 12125 12115 12138 12147 12093 12152 12114 12135 12149 12113 12076 12116 12097 12121 11956 12108 12109 12050 12118 12102 12145 12137 12146 12138 12139 12078 12133 12139 12140 12110 12113 12141 12092 12865 12987 12708 12112 12037 12032 12107 12090 12117 12123 12135 12097 12132 12747 12161 12137 12148 12121 12116 12107 12136 12065 12121 13055 12116 12167 12146 12145 12094 12107 12175 12123 12132 12022 12145 12139 11867 12885 12124 12154 12179 12144
[L] cuSPARSE
[D] 7234 7327 7124 7300 7122 7252 7312 7045 6956 7084 7142 7138 7356 7131 7122 7192 7263 7334 6997 7185 7173 7275 7392 7179 7074 7124 7166 7298 8390 7102 7016 7252 7299 7095 7049 7120 7176 7242 7331 7103 7104 7062 7214 7802 7146 7209 7249 7299 7575 6960 7127 7181 7313 7058 7091 7089 7193 7222 7057 7104 7092 7159 7236 7806 7116 7124 7262 7231 7805 7087 7116 7191 7374 7355 7126 7052 7218 7276 7092 7061 7114 7258 7251 7792 6960 7036 7247 7223 7160 7146 7207 7265 7384 7046 7122 7276 7224 7059 7088 7350 7151 7284 7272 7035 7138 7093 7200 7352 7581 7065 7138 7248 7269 7066 7019 7113 7177 7318 7330 7117 7127 7150 7245 7412 7113 7049 7842 7316 7264 7325 7029 7086 7144 7305 7797 7137 7024 7234 7204 7592 7135 7243 7239 7387 6971 7163 7306 7263 7301 7115 7082 7211 7287 7620 7041 7096 7263 7288 7384 7105 7156 7202 7318 7357 7104 7087 7158 7303 7277 7060 7134 7095 7255 7275 7506 7489 7123 6990 7123 7108 7155 7234 7788 7121 7124 7210 7289 7071 7002 7072 6841 7071 7084 7093 7536 7232 7786 7149 7101 7268
[L] sm_l2
[D] 4585 4493 4661 4562 4512 4636 4614 4721 4664 4587 4517 4503 4578 4517 4486 4590 4518 4518 4598 4489 4489 4584 4581 4489 4499 4510 4735 4655 4483 4510 4492 4650 4631 4506 4592 4662 4639 4615 4510 4952 4605 4530 4607 4583 4518 4479 4572 4515 4525 4593 4610 4513 4707 4666 4671 5525 4471 4925 4625 4694 4475 4643 4718 4580 4507 4516 4508 4496 4520 4488 4506 4585 4506 4506 4608 4494 4646 4613 4653 4698 4676 4715 4510 4506 4721 4459 4621 4628 5549 4490 4497 4642 4586 4488 4580 4509 4505 5226 4497 4503 4594 4641 4475 4696 4637 4463 4734 4468 4569 4801 4631 4615 4479 4484 4528 4595 4583 4528 4607 4482 4473 4582 4472 4468 4557 4510 4505 4698 4611 4661 4636 4712 4826 4736 4848 4564 4571 5511 4734 4742 4598 4525 4500 4501 4521 4567 4507 4514 4515 4516 4471 4504 4651 5312 4662 4646 4706 4608 4627 4694 4617 4472 4618 4463 4646 4499 4492 4474 4517 4560 4514 4522 4511 4502 4520 4539 4504 4558 4639 4628 4634 4764 5471 4729 4686 4727 4730 5105 4799 4719 4716 4691 4507 4476 4508 4544 4515 4588 4525 4508
[/DATA]
