[INFO]
experiment_name patents
variable K
N 3774768
M 3774768
K 128
sparsity 0.999999
description Compare matrices with K=[32,128,256] for patents data set
runtime 383
n_warmup_iterations 10
sequence_number 2
[/INFO]
[DATA]
[L] Baseline
[D] 47874 47818 48156 48047 47663 47458 47682 47927 48148 47844 47604 47746 47901 47704 47947 47675 48055 48587 49077 48998 48127 47835 47728 48174 47704 47719 48122 47775 47855 47754 47986 48192 47938 47548 47501 47508 47908 47729 47496 48089 47708 47763 48120 47896 49445 48731 47961 47622 48078 47883 47490 47512 47661 47889 47633 47610 47787 47721 47793 47961 47742 47967 47572 47885 47911 47518 48022 47644 48024 47710 47934 47759 48001 47441 47709 48144 47695 48107 48028 47817 47810 47913 47647 47600 47658 48142 47939 47612 47760 47638 47913 48188 48216 47845 47753 47907 47899 47653 47951 47655
[L] cuSPARSE
[D] 14841 14826 14616 14610 14656 14483 14564 14768 14942 14470 14775 14781 14809 14523 14600 14715 14874 14520 14687 14790 15089 15384 14834 15150 14864 14763 14737 14802 14533 14612 14770 14514 14752 14803 14707 14734 14804 14504 14467 14702 14955 14579 14565 14593 14903 14772 14901 14778 14949 14761 14840 14698 14916 14547 14841 14927 14529 14613 14783 14807 14521 14718 15028 14482 14784 14798 14647 14878 14563 14787 14796 14487 14664 14449 14802 14724 14911 14648 14719 14561 14620 14718 14516 14543 14587 14734 14804 14591 15503 14548 15339 14780 14844 14542 14441 14733 14801 14522 14747 14534
[L] sm_l2
[D] 37631 37534 37691 37643 37727 37582 37615 38213 37554 37672 38981 37527 37745 37777 39058 37681 37695 37638 37534 37541 37641 37547 37533 37648 38938 37513 37622 37966 37526 37610 37626 37678 37548 37670 37592 37550 37634 37555 37560 37649 37569 37804 37760 37774 38754 37655 37562 37663 37522 37548 37612 37533 37515 37659 37525 37580 37765 38581 37529 37639 37641 37559 37642 37654 37524 37611 37655 37678 37702 37637 38266 37543 37672 38883 37531 37642 37623 37554 37605 37669 37547 37549 37602 37525 37538 37634 37537 37532 37648 37526 37543 37599 37535 37563 37667 37768 37673 37673 37766 38581
[/DATA]
