[INFO]
experiment_name patents
variable K
N 3774768
M 3774768
K 32
sparsity 0.999999
description Compare matrices with K=[32,128,256] for patents data set
runtime 254
n_warmup_iterations 10
sequence_number 1
[/INFO]
[DATA]
[L] Baseline
[D] 12201 12233 12231 12094 12213 12248 12185 12203 12178 12184 12132 12194 12204 12208 12176 12177 12176 12229 12066 12059 12207 12207 12114 12176 12195 12185 12145 12130 12495 12197 12143 12213 12198 12206 12138 12214 12172 12246 12046 11988 12198 12151 12193 12205 12188 12146 12200 12162 12161 12228 12195 12225 12813 12202 12167 12197 12192 12188 12170 12227 12222 12181 12212 12182 12244 12163 12186 12212 12206 12199 12186 12198 12179 12197 12202 12210 12202 12201 12206 12176 12174 12126 12179 12204 12169 12168 12233 12243 12079 12141 12220 12249 12188 12199 12122 12183 12221 12201 12205 12198
[L] cuSPARSE
[D] 7072 7232 6797 7071 7051 7136 7173 7247 7288 7064 7192 7139 7317 7359 7090 7114 7132 7254 7284 7111 7051 7116 7237 7231 6753 7041 7092 7088 7252 7426 7108 6967 7032 7187 7354 7045 7082 7068 7250 7288 7095 7050 7009 7276 7319 7104 7074 7163 7201 7161 7074 7110 7208 7291 7067 7121 7116 7176 7246 7852 7135 6830 7173 7225 7786 7100 7112 7312 7308 7333 7040 7150 7163 7296 7300 7092 7094 7081 7258 7212 7111 6963 7021 7259 7358 7030 7075 7070 7234 7376 7085 7476 7028 7271 7303 7113 7050 7039 7297 6851
[L] sm_l2
[D] 4525 4521 4507 4505 4738 4509 4497 4505 4509 4509 4484 4519 4726 4637 4495 4501 4501 4501 4505 4489 4596 4504 4499 4574 4507 4514 4547 4650 4659 4644 4649 4654 4638 4483 4492 4495 4583 4676 4503 4654 4547 4548 4495 4529 4600 4530 4498 4525 4525 4515 4494 4497 4463 4474 4482 4578 4470 4484 4531 4494 4480 4616 4629 4703 4502 4508 4518 4488 4477 4512 4488 4492 4550 4508 4603 4506 4492 4480 4496 4478 4641 4492 4573 4502 4615 4472 4514 4650 4628 4487 4713 4489 4503 4488 4476 4498 4503 4505 4581 4481
[/DATA]
