[INFO]
experiment_name patents
variable K
N 3774768
M 3774768
K 256
sparsity 0.999999
description Compare matrices with K=[32,128,256] for patents data set
runtime 541
n_warmup_iterations 10
sequence_number 3
[/INFO]
[DATA]
[L] Baseline
[D] 98912 99409 99428 99355 99465 99093 99182 99387 99269 99138 99135 98933 99275 99160 99510 99331 99186 99301 99471 98971 99359 99360 99461 99022 99129 100295 99015 98717 99454 99369 99569 100336 98989 100306 99136 99932 99385 99366 98291 99225 99037 98976 98832 98743 100314 99006 100117 99798 99804 99336 99116 98981 99184 99368 99605 99027 99836 99021 100454 99400 100242 98978 99836 99675 100442 99447 99339 99337 99175 99495 99275 99255 99811 99298 99227 100902 98999 99715 99143 101295 99218 99947 99646 101095 99693 98995 99827 100356 99151 99219 98986 100853 99255 100619 99509 99182 99223 99049 98751 100545
[L] cuSPARSE
[D] 27206 27427 27400 27305 27381 27461 27456 27165 27734 27385 27731 27432 27622 27289 27574 27255 27249 27451 27066 27310 27574 27021 27232 27608 27176 27290 27258 27462 27694 27354 27391 27100 27439 27280 27308 27309 27473 27665 27052 27477 27285 27191 27157 27583 27411 27635 27449 27059 27189 27158 27367 27641 27442 27379 27109 27427 27457 27724 27461 27104 27207 27186 27410 27172 27482 27419 27461 27147 27339 27454 27642 27198 27501 27914 27329 27480 27180 27471 27494 27504 27327 27509 27011 27434 27015 27463 27449 27290 27213 27162 27567 27157 27726 27153 27394 27832 28355 27166 28618 27998
[L] sm_l2
[D] 38404 38437 38396 38410 38589 39826 38550 38427 38423 38421 38401 38419 38434 38309 39097 38422 38402 38403 38406 38437 38428 38402 38408 38396 38428 38410 38403 38420 38578 38420 38550 38668 38414 38390 38399 38407 38398 38419 38569 38384 38536 38580 38424 38406 38402 38394 38396 38405 38572 38403 38428 38399 38420 38410 38438 38444 38565 38319 38552 38424 38401 38408 38417 38450 38447 38336 38721 38393 38420 38432 38465 38427 38566 39628 38400 38545 38427 38401 38394 38416 38418 38396 38321 38540 38395 38409 38427 38405 38396 38416 38421 38550 38396 38546 38425 38412 38423 38412 39745 38548
[/DATA]
