[INFO]
experiment_name patents
variable K
N 3774768
M 3774768
K 128
sparsity 0.999999
description Compare matrices with K=[32,128,256] for patents data set
runtime 731
n_warmup_iterations 15
sequence_number 2
[/INFO]
[DATA]
[L] Baseline
[D] 48123 48207 47925 48242 47814 48229 49191 47823 48163 47867 48159 47617 48124 48135 47801 48063 48300 48455 48113 48150 47936 48290 47583 47935 48016 48817 47824 48122 47919 47924 48226 47956 47978 48097 47851 48124 48220 47636 48231 47738 47899 47835 47844 49422 47820 47958 48046 47881 48071 47963 48486 47984 47824 47806 48691 48038 47768 47980 48068 48102 49399 47888 47886 47924 48026 48102 47714 48289 48305 47931 48080 49217 48195 47690 47792 48219 48013 48064 48167 48432 47940 48584 47768 48035 47313 47930 48358 48210 47643 48082 47873 48788 48006 48224 47954 49124 47905 48082 47935 48033 47908 47967 48124 47809 48136 47868 47952 47938 48147 48609 48178 48147 48022 48013 48017 47759 47642 48427 48105 47808 48143 47903 48143 49400 48493 48800 47845 47874 48024 48008 48210 48004 48733 47827 48094 48149 48072 48003 48024 48056 47872 47856 48027 47908 48817 49255 48561 47850 47910 48138 48833 47554 47995 48690 47828 48215 47772 47586 48168 47954 48568 48163 47920 48247 49009 47734 47910 48167 47921 47615 48125 48523 47894 47938 48679 48117 47844 48671 47917 48065 47781 48334 47983 47810 47751 48215 48102 48218 48758 47755 47871 48051 48140 47880 48360 48140 48259 48236 47807 48239
[L] cuSPARSE
[D] 15330 14880 15213 14763 14838 14823 14453 15209 14455 14560 14864 14451 14572 14559 14755 14537 14808 15031 14534 14831 14460 14666 14777 14809 14802 14633 14726 14938 14329 14799 14768 15220 14511 14619 14829 14662 14788 14517 14480 14612 14796 14714 15376 14962 14909 14444 14640 14475 14841 14792 14884 14566 14766 14804 14643 14805 14631 14628 14356 14929 14697 14634 14852 14327 14867 14549 14651 14811 14525 14466 14789 15058 14507 14670 14583 14605 14794 14674 14814 14487 15459 14618 14791 15039 14849 14476 14554 14836 14539 14621 14623 14814 15574 15751 14515 15168 14503 14603 14483 14666 14812 14559 14737 15460 14535 14774 14800 14576 14727 14481 14875 14814 14705 14676 14696 14577 14829 14467 14817 14735 14780 14721 14566 14824 14427 14607 14476 14808 14433 14466 14466 14579 14848 14727 14888 14527 14806 14976 14501 14479 14862 14450 14439 14822 15004 14920 15085 14628 14505 14852 14753 14820 14413 14598 14834 14466 14642 14825 14512 14645 14557 14699 14781 14491 14784 14703 14576 14634 14461 15438 14455 14537 14721 14449 14563 14845 14811 14542 14820 14513 14553 14769 15220 14815 14525 14745 15083 14604 14829 14952 14518 14671 14813 14443 14782 14797 14761 14808 14580 14847
[L] sm_l2
[D] 37681 37744 37562 37772 37772 37773 37786 37782 37660 38690 37657 37640 37937 37648 37649 37816 37774 37781 37805 37782 38102 37711 37655 37690 37652 37548 37657 37662 37651 37801 37797 37763 37782 37780 37625 37638 37609 37654 37640 38300 37643 37652 37780 37783 37786 39807 37767 37774 37734 39044 37635 37653 37626 37643 37637 37645 37653 37619 37819 37785 37806 37657 38685 37778 37625 37643 37531 37645 37635 38360 38453 37809 37809 38307 37748 37769 38705 37637 38368 37647 37561 37661 37638 38582 37559 37786 37779 37548 37783 37636 37679 37537 37615 37675 37647 37566 37631 39094 37544 37774 37782 38113 37660 37607 37668 38311 37618 37643 37626 38590 37746 37775 37766 37630 37634 37753 37763 37597 37608 37630 37649 37587 37530 37589 37767 37775 37651 37799 37807 37626 37780 37630 38364 37616 37646 37606 38644 37648 37622 37773 37777 37771 38806 37766 38874 38466 37641 37632 37671 37621 37603 37633 37751 38384 37630 37637 37616 37529 37640 37607 37647 37511 37636 37679 37642 37525 37587 37621 37630 37733 38910 37608 37631 37646 37656 37627 37610 37492 37739 37592 38923 37778 37773 37741 37801 37623 37577 37643 37633 37668 37610 37613 37596 37594 37629 37554 37618 37758 37535 38274
[/DATA]
