[INFO]
experiment_name patents
variable K
N 3774768
M 3774768
K 256
sparsity 0.999999
description Compare matrices with K=[32,128,256] for patents data set
runtime 1034
n_warmup_iterations 15
sequence_number 3
[/INFO]
[DATA]
[L] Baseline
[D] 99483 99607 99988 98961 99777 100706 99363 99279 99917 99763 99361 100557 99145 100367 99648 100244 99203 100746 99603 99884 99045 99949 99151 98929 101022 99319 99195 99561 99858 99812 99532 100151 99959 99844 99154 99484 99226 100734 99126 100510 99429 99312 99350 99478 99503 100421 99508 99718 99446 99555 100005 99595 100946 99787 100482 99762 100220 99006 99338 100108 99530 100714 99969 99157 99614 99596 99007 100846 100573 100585 98809 98702 99339 99059 99246 100066 99347 100493 99396 99582 100769 99458 100194 98449 99648 99393 100508 98911 101182 99543 99420 99907 99387 100129 99593 100428 99468 99613 99448 99169 100206 100681 99935 101236 99268 99164 99049 99760 99410 99948 99831 99929 99645 99311 99061 99093 99615 99429 99326 99225 99434 98930 100279 98891 99265 100460 99690 98899 99835 99392 100384 100824 100258 99886 99667 99591 99662 99513 99006 99786 99989 99786 99525 99830 99848 100123 99337 99310 98818 99536 99088 101068 99945 99293 99502 100331 99341 99326 99806 99725 99516 99406 99485 99800 100726 99358 101072 99136 100908 99960 99640 99494 100925 99040 99273 99011 99117 99580 99469 100094 98839 99882 99031 99481 99030 99159 99780 99277 99893 100597 99384 99299 99818 99507 99896 99874 99610 100361 99005 99549
[L] cuSPARSE
[D] 27495 27558 27622 27045 27214 27323 27505 27516 27169 27444 27196 27154 28134 27601 27479 27410 28250 27215 27256 27167 27220 27362 27035 27554 27331 27452 27505 27409 27553 27253 27253 27050 27665 27183 27514 27458 27631 27966 28197 27219 27548 27268 27149 27371 27569 27544 27486 27249 27564 27422 27702 27228 27475 27531 27524 27683 26984 27029 27951 28228 27401 27215 27407 27673 26976 27907 27449 27611 27296 27239 27456 27102 27179 28074 28343 27547 27152 27528 27299 27698 27002 27179 27518 28644 27142 27141 27431 27287 27253 27212 28144 27495 27438 27342 27498 27367 27507 27272 27264 27486 27253 27421 27210 27323 27323 27410 28117 27385 27306 28109 27195 27322 27429 27100 27443 27211 27706 27167 27480 27415 27042 27052 27237 27049 27547 27274 27034 27056 27472 27411 27535 27277 27247 27490 27638 27121 27252 28305 27426 27247 27418 27718 27214 27439 28065 27248 27336 28233 27160 27540 27656 27366 27568 27499 27259 27674 27438 28452 27269 27840 27309 27125 27104 27305 27096 27156 27630 27332 27380 27554 27527 27385 27341 27192 27419 27177 27505 27288 27780 27415 27481 27384 27864 26965 27027 26970 27293 27147 28049 27096 27529 27159 28119 27332 27471 27398 27391 27193 27488 27973
[L] sm_l2
[D] 38417 38591 39272 38597 38442 38415 39208 39170 39182 38428 38420 38601 38432 38582 38412 38575 38444 38482 38428 38413 38426 39615 38439 39534 38444 38469 38428 38569 38444 38581 38593 38450 38502 38458 38466 38458 38440 38426 38424 38439 38435 38420 38431 38431 38423 38569 38461 38562 38461 38416 38439 38434 38463 38576 38435 38458 38417 38434 39207 38440 38607 38932 38441 38437 38452 38448 38416 38424 38416 38749 38575 38417 38463 38427 38420 38432 38467 39312 38565 38613 38418 38417 38447 38444 38425 38438 38444 38426 38587 38449 38411 38429 38414 38416 38427 38604 38440 38589 38451 38423 38472 38447 39657 38576 38578 38443 38434 38444 38441 38766 38419 39608 38444 38426 38588 38765 38432 38421 38488 38582 38609 38535 38597 38576 38454 38447 38429 39479 38574 38583 38608 40025 38444 38447 38442 38434 38418 38561 38420 38596 38432 38423 38482 38435 38423 38458 38418 38619 38606 38447 38446 38413 38436 38568 38570 38421 39627 38431 38458 38433 40164 39171 38599 38425 38576 38447 38445 40474 38436 38474 38603 38439 38417 38583 38486 38421 38480 38451 38440 38572 39196 38585 38575 38442 38449 38580 38461 38421 38415 39607 38566 38485 38575 38421 38430 38574 39988 38424 38456 38423
[/DATA]
