[INFO]
experiment_name patents_main_companion
variable K
N 240547
M 240547
K 128
sparsity 0.99999
description Compare matrices with K=[32,128,256] for patents_main companion
runtime 9
n_warmup_iterations 5
sequence_number 2
[/INFO]
[DATA]
[L] Baseline
[D] 2142 2253 2271 2625 2243 2242 2295 2275 3198 2888 2275 2242 2270 2159 2264 2269 2631 2297 2280 2271 2253 2282 2234 2266 2872 2170 2263 2628 2174 2244
[L] cuSPARSE
[D] 1309 1335 1231 1280 1261 1192 1611 1262 1205 1254 1136 1311 1207 1256 1223 1179 1212 1181 1204 1240 1110 1240 1205 1080 1315 1185 1281 1276 1303 1270
[L] sm_l2
[D] 1451 1448 1500 1456 1560 1557 1542 1572 1553 1439 1433 1575 1540 1447 2188 1525 1561 1441 1446 1565 1445 1423 1448 1432 1426 1399 1428 1457 1424 1514
[/DATA]
