[INFO]
experiment_name patents_main_companion
variable K
N 240547
M 240547
K 256
sparsity 0.99999
description Compare matrices with K=[32,128,256] for patents_main companion
runtime 13
n_warmup_iterations 5
sequence_number 3
[/INFO]
[DATA]
[L] Baseline
[D] 4845 4870 4856 4797 4970 4821 4872 4830 4865 4879 4907 4908 4879 4878 4892 4900 4872 4905 4911 4784 4773 4953 4935 4873 4845 4879 4918 4886 4892 5328
[L] cuSPARSE
[D] 1965 1987 2100 1918 1915 1962 1967 1997 1951 2039 1924 1870 1975 1999 1916 2000 1991 1971 1893 1999 1996 1814 1981 1943 2011 2014 2075 2006 1927 2006
[L] sm_l2
[D] 1697 1775 1703 1680 1682 1796 1683 1678 1708 1661 1896 1670 1760 1677 1778 1699 1696 1670 2161 1674 1790 1686 1692 1675 1665 1673 1694 1780 1923 1767
[/DATA]
