[INFO]
experiment_name sparsity_small_K32
variable sparsity
N 10253
M 10253
K 32
sparsity 0.99
description Compare matrices with K=32 for varying sparsity on small dataset
runtime 23
n_warmup_iterations 5
sequence_number 1
[/INFO]
[DATA]
[L] Baseline
[D] 495 464 497 496 470 496 488 499 496 496 469 497 500 497 463 464 495 493 496 497 496 496 495 463 498 468 495 490 495 467 493 464 468 467 466 461 472 463 467 466 464 467 471 466 472 465 471 462 1554 1567 1569 1569 1803 1657 1754 2038 1958 2106 2100 2247 2333 2337 3286 8327 3247 3138 3083 3284 3277 3850 3219 3340 3939 3359 3361 3362 3356 3706 4213 3957 3357 4052 3626 3358 3362 3364 3391 3364 3386 3364 3383 3725 3693 9211 3363 3359 3355 3356 4274 3360
[L] cuSPARSE
[D] 2877 1487 3490 4128 1961 1478 3326 1563 1596 1536 12107 1251 164 141 142 258 141 251 227 141 258 260 313 257 141 225 142 137 256 162 254 163 142 256 141 253 142 124 256 164 256 261 136 257 163 385 257 141 262 260 146 253 141 231 259 141 264 260 229 164 234 262 353 259 142 228 239 142 235 261 163 260 142 256 262 141 229 141 142 258 163 120 225 163 235 261 136 258 142 258 234 163 230 258 256 388 141 235 233 141
[L] sm_l2
[D] 309 320 308 305 308 333 322 400 312 319 323 324 305 340 336 275 529 324 530 306 313 295 306 337 315 315 309 335 323 449 298 306 308 314 305 316 322 340 276 338 304 315 303 291 308 320 311 310 426 292 441 324 290 421 277 396 284 397 396 421 386 413 274 259 271 418 259 415 262 435 411 263 273 260 284 279 292 460 422 289 292 296 427 439 407 285 304 280 439 399 421 301 404 259 406 270 276 277 271 392
[/DATA]
