[INFO]
experiment_name sparsity_small_K32
variable sparsity
N 10253
M 10253
K 32
sparsity 0.9999
description Compare matrices with K=32 for varying sparsity on small dataset
runtime 8
n_warmup_iterations 5
sequence_number 5
[/INFO]
[DATA]
[L] Baseline
[D] 72 75 74 74 74 74 74 75 74 76 74 74 75 74 74 74 74 75 73 74 73 74 74 74 73 76 74 70 78 75 73 75 133 75 74 75 75 74 74 74 76 73 75 74 68 143 74 74 75 75 75 75 75 74 74 74 77 74 75 75 74 74 74 76 69 75 75 75 74 74 74 166 75 75 74 74 75 74 74 177 73 74 74 75 74 74 74 71 75 75 75 75 75 74 75 76 75 74 74 66
[L] cuSPARSE
[D] 28 25 24 25 24 27 24 29 24 25 24 24 24 29 24 28 28 24 28 24 24 24 28 198 26 24 26 24 24 24 24 24 24 24 24 24 29 28 24 24 32 27 25 25 25 24 28 24 24 25 24 25 24 25 30 24 24 24 30 29 24 24 28 24 28 24 24 25 24 28 29 29 24 25 27 25 25 24 25 24 25 24 24 24 25 29 29 24 29 24 24 29 27 24 24 24 24 24 24 29
[L] sm_l2
[D] 159 152 139 150 403 141 142 134 132 139 171 167 209 123 130 145 132 175 175 131 138 151 201 140 174 256 140 140 130 139 132 160 160 141 148 128 140 281 274 164 148 238 150 131 132 134 180 149 160 137 269 245 137 288 347 150 327 131 136 135 268 275 190 131 258 120 128 245 201 156 281 336 134 132 151 164 311 133 163 142 135 149 170 171 254 259 146 118 136 149 329 155 136 131 136 137 118 172 144 163
[/DATA]
