[INFO]
experiment_name sparsity_small_K32
variable sparsity
N 10253
M 10253
K 32
sparsity 0.995
description Compare matrices with K=32 for varying sparsity on small dataset
runtime 15
n_warmup_iterations 5
sequence_number 2
[/INFO]
[DATA]
[L] Baseline
[D] 308 310 304 315 309 297 307 308 313 315 310 311 316 316 316 316 314 316 317 315 306 315 314 304 315 317 310 316 316 316 309 310 318 315 315 308 316 313 315 314 301 316 316 315 315 315 309 309 314 316 314 310 314 309 313 316 310 304 316 310 312 313 313 316 310 315 314 317 316 308 310 315 307 315 311 304 305 315 314 316 316 314 337 337 338 337 337 310 338 340 343 345 304 340 310 335 335 311 338 336
[L] cuSPARSE
[D] 85 328 224 85 184 182 85 85 59 221 184 84 94 190 196 85 84 87 227 105 84 85 199 88 85 84 191 193 94 85 84 192 87 84 84 277 224 84 85 178 182 85 94 191 401 85 85 213 84 179 99 216 98 175 85 85 195 85 183 85 185 85 191 181 184 94 85 178 181 86 85 403 205 205 84 85 182 239 228 194 199 122 85 189 193 105 86 85 223 99 105 85 217 85 85 84 85 223 88 84
[L] sm_l2
[D] 204 212 340 343 254 199 314 218 319 337 357 216 342 219 321 352 205 207 326 197 260 193 349 192 239 208 354 316 333 321 831 220 208 215 211 227 331 338 237 213 269 215 296 215 252 235 242 233 237 242 260 208 260 238 247 190 214 231 221 239 297 233 213 189 243 236 265 207 207 241 205 228 255 240 252 221 226 232 251 196 220 247 191 205 263 235 194 195 257 243 282 243 246 210 238 234 474 224 204 239
[/DATA]
