[INFO]
experiment_name sparsity_small_K32
variable sparsity
N 10253
M 10253
K 32
sparsity 0.9995
description Compare matrices with K=32 for varying sparsity on small dataset
runtime 8
n_warmup_iterations 5
sequence_number 4
[/INFO]
[DATA]
[L] Baseline
[D] 92 93 188 93 93 189 92 196 94 93 189 93 93 189 92 181 94 93 189 93 93 189 93 191 190 93 191 83 93 188 84 192 190 94 191 172 186 181 190 193 229 94 191 189 193 94 191 193 93 191 187 94 185 94 183 193 92 191 185 93 191 94 93 183 93 101 193 93 206 191 93 187 93 184 189 94 188 189 191 185 87 190 189 95 191 190 190 93 188 191 94 182 188 186 192 93 181 191 93 186
[L] cuSPARSE
[D] 56 56 78 57 80 78 56 56 57 56 147 154 57 56 77 78 78 57 56 78 57 78 78 78 146 79 78 56 57 56 56 78 57 56 78 56 56 57 176 78 78 57 57 77 78 78 57 57 78 53 74 197 178 78 77 77 56 56 78 56 57 78 56 78 78 57 178 57 57 78 56 56 56 78 57 59 57 57 78 57 152 57 78 57 57 57 78 52 57 57 57 77 57 57 184 178 79 57 56 49
[L] sm_l2
[D] 127 179 172 257 128 163 253 249 139 138 141 168 141 258 291 342 268 128 259 139 140 255 176 250 141 249 146 280 271 188 174 181 269 130 141 247 319 133 305 140 246 271 262 148 140 248 142 128 145 250 167 279 319 144 139 785 149 163 139 269 143 140 139 172 157 177 163 158 172 162 127 272 193 149 148 141 141 162 216 163 162 176 130 169 143 144 150 142 175 147 177 142 178 155 158 176 161 142 171 163
[/DATA]
