[INFO]
experiment_name sparsity_small_K32
variable sparsity
N 10253
M 10253
K 32
sparsity 0.999
description Compare matrices with K=32 for varying sparsity on small dataset
runtime 9
n_warmup_iterations 5
sequence_number 3
[/INFO]
[DATA]
[L] Baseline
[D] 100 218 219 218 193 120 193 214 187 203 98 189 193 193 192 219 217 221 221 222 216 221 222 221 194 220 219 216 189 123 217 216 209 199 217 191 195 197 218 191 194 220 220 189 219 195 195 254 99 217 217 209 194 189 219 121 189 217 188 101 191 222 216 189 221 192 163 221 192 217 189 184 209 213 270 189 217 216 217 195 221 217 218 194 220 172 100 197 194 192 99 195 192 218 99 219 217 94 188 193
[L] cuSPARSE
[D] 167 73 95 167 98 95 73 73 73 73 198 194 66 196 68 69 94 94 73 95 95 276 167 192 96 73 73 73 73 73 73 73 74 169 195 74 73 73 73 66 73 66 94 73 66 165 94 95 69 72 93 94 66 94 94 67 166 191 95 73 94 94 73 73 94 80 127 253 166 95 94 73 67 73 69 73 94 96 94 205 95 94 73 94 65 73 94 66 97 68 177 194 95 94 73 73 73 73 70 66
[L] sm_l2
[D] 149 327 152 160 162 154 145 280 148 152 147 147 163 161 379 151 152 194 150 168 165 148 156 179 171 149 150 275 149 223 186 173 148 148 294 154 206 263 147 322 150 148 158 155 148 148 154 150 149 181 149 187 151 146 150 171 150 146 177 147 148 153 197 173 153 149 206 148 132 163 195 201 184 177 153 166 172 146 153 151 150 193 149 165 154 151 150 152 139 182 149 158 147 147 135 152 147 147 148 448
[/DATA]
