[INFO]
experiment_name patents
variable K
N 3774768
M 3774768
K 128
sparsity 0.999999
description Compare matrices with K=[32,128,256] for patents data set
runtime 141
n_warmup_iterations 5
sequence_number 2
[/INFO]
[DATA]
[L] Baseline
[D] 47985 48990 47913 47553 47674 47910 47898 47795 47774 47725 47802 47924 47726 47826 47491 47908 47893 47995 47706 47480 47865 48400 47797 47818 47599 47763 47906 48946 47674 47565
[L] cuSPARSE
[D] 14715 14813 14479 14465 14669 14856 14827 14835 14509 14660 14823 14466 14585 14535 14649 14681 14808 14507 14767 14576 14602 14883 14564 14592 14910 14951 15416 14840 14813 14662
[L] sm_l2
[D] 37699 37719 37651 37690 37721 37829 37690 37812 37850 37815 37777 37731 37708 37685 37688 37664 37708 37683 37676 37795 37955 37630 37839 37839 37651 37774 38400 37654 37674 37676
[/DATA]
