[INFO]
experiment_name imdb_companion
variable K
N 428440
M 896308
K 128
sparsity 0.999979
description Compare matrices with K=[32,128,256] for IMDB companion
runtime 291
n_warmup_iterations 15
sequence_number 2
[/INFO]
[DATA]
[L] Baseline
[D] 23427 23640 23575 23658 23551 24794 23629 23491 23470 25302 28332 24244 138674 23654 23568 23655 23726 23502 23637 23701 23862 23793 23523 23666 23540 23547 23476 23664 23644 23527 23557 24646 23563 25544 28936 24239 25138 49541 23468 23607 23495 23527 23482 25685 22960 23708 23372 23532 23720 23566 23734 23646 23654 23624 23799 23453 23554 23504 23740 23580 24551 23703 24367 28637 24356 24009 23992 23414 23192 23405 23829 24771 23250 23967 30091 23731 23606 23565 23391 23483 23811 23141 23299 23554 24821 23602 23184 26296 23023 23042 23237 25381 23287 23354 23450 23336 25508 22878 23361 23349 23228 26554 22917 23628 29014 24195 24386 23404 23332 26301 22861 23583 57653 23825 23494 23837 23509 23528 24472 23149 23182 23140 23318 26232 22915 23567 23241 23374 23568 23633 23502 23748 23687 49294 23557 23575 23600 23611 23816 23521 23451 23626 23902 23078 27183 22843 22812 23162 23917 35469 23595 23516 23483 27018 22785 22831 23689 24332 23489 23472 24571 23229 23300 23842 24167 23667 23522 23570 23548 23691 23552 24040 37746 23516 23581 23431 23404 24332 23548 23587 23453 23621 23363 25820 23006 22982 24051 23256 23536 23682 23581 23647 24465 27864 22779 22761 23039 23227 23929 23475
[L] cuSPARSE
[D] 7664 7226 7395 7213 7347 7180 8054 7209 7340 7216 7335 7125 7317 7150 7339 7268 7340 7609 7357 7193 7345 7218 7367 7198 7338 8068 7358 7217 7335 7171 7362 7174 7234 7197 7608 7212 7285 7208 7267 7233 7254 7206 7475 7129 7229 7328 7203 7348 7202 7248 7190 7226 7200 7357 7218 7293 7206 7411 7518 7292 7200 7408 7200 7324 7189 7327 7188 7313 7187 7331 7213 7304 7237 7199 7487 7257 7194 7226 7218 7202 7334 7191 7399 7234 7400 7208 7237 7169 7351 7185 7222 7156 7360 7170 7321 7175 7341 7169 7646 7194 7311 7166 7353 7168 6918 7169 7926 7186 7361 7194 7366 7468 7327 7182 7264 7175 7324 7160 7252 7195 7350 7218 7366 7178 7239 7215 7332 7205 7332 7209 7352 7260 7309 7228 7375 7187 7243 7187 7357 7224 7324 7188 7397 7209 7245 7222 7385 7217 7387 7235 7325 7219 7262 7216 7267 7204 7250 7288 7214 7219 7291 7411 7219 7318 8110 7248 7177 7313 7171 7330 7156 7313 7372 7373 7161 7335 7174 7334 7208 7328 7185 7338 7225 7324 7168 7327 7161 7333 7154 7433 7189 7296 7212 7490 7170 7274 7230 6667 7203 6660
[L] sm_l2
[D] 20221 19725 19719 19720 20744 19726 19747 19834 20049 19827 19764 19737 19753 19737 19775 19874 21347 19733 19912 19896 20006 19874 19810 19729 19959 19889 19872 19885 19881 19735 19890 20641 19745 19865 19766 20750 19728 19797 19740 20357 19773 19726 19737 19795 19726 19736 19718 20184 19860 19716 19812 19830 20626 19866 19730 19878 19724 19709 19730 19854 19748 19725 19736 19967 19726 20152 19863 19736 19893 19708 19706 19895 19750 19747 19778 19752 19808 19725 19724 19733 19759 19781 19715 19704 19756 19798 19732 20508 19717 19748 19743 19742 19857 19845 20354 19769 19855 19851 19949 19872 19868 19766 19839 19877 19811 19849 20458 19713 19924 20222 19714 19711 19757 20088 19745 19759 19719 20151 19778 19710 19702 21196 19752 19721 19741 21217 19712 19754 19838 19831 19728 19723 19876 19803 19703 19739 19739 19791 19881 19835 19707 19950 19745 19767 19708 19813 19859 19715 19784 19729 19812 19733 19724 19791 19717 19742 19736 19801 19723 19838 19734 19808 19777 19719 19707 19811 19737 19703 19865 19951 19834 19718 19813 19955 19939 19709 19733 19719 19725 19750 19738 19856 19715 19825 19865 20483 19738 19716 19756 19783 19744 19708 19745 19747 19841 19718 20490 19746 19786 19722
[/DATA]
