[INFO]
experiment_name imdb_companion
variable K
N 428440
M 896308
K 256
sparsity 0.999979
description Compare matrices with K=[32,128,256] for IMDB companion
runtime 351
n_warmup_iterations 15
sequence_number 3
[/INFO]
[DATA]
[L] Baseline
[D] 47604 47712 47603 48173 47785 47525 47595 47676 47546 48144 47703 47583 47551 47533 47772 47690 47715 47675 47516 47461 47730 47833 47566 47639 47684 47743 47451 47648 48357 47569 47544 47729 47744 47699 47632 47590 47757 47607 47738 47731 47697 47485 47547 47774 47617 47817 48104 48075 49293 47570 47625 48448 47570 47598 47476 47801 47546 47569 47506 47623 47489 47623 48211 47568 47774 46797 47621 47508 47755 48003 47757 47756 47651 47497 47555 48192 47792 47485 47961 47693 47618 47634 47596 47549 47632 47707 47628 47675 48608 47618 47512 48057 46860 47598 47448 47619 47827 47686 47619 48569 47494 47817 47552 47620 47644 49397 48772 48639 47930 47788 47921 47684 47582 47765 47837 47577 48267 47597 47827 47656 47616 47614 48318 47588 47846 47710 47723 47765 47746 47752 47728 47698 47382 47784 47660 48623 47675 47411 47790 47815 47775 47570 48613 47546 47552 47387 47631 47713 48485 47744 47617 47681 47645 47705 48433 47530 47623 47621 47607 47801 48597 47621 47693 47776 47592 47618 48366 48729 47797 47687 47856 47612 47729 48229 47585 47556 47621 47457 47672 47555 47451 47634 47513 47606 47724 47568 47752 47661 47635 47562 47574 47562 47662 47773 47293 47543 47639 47727 47622 48672
[L] cuSPARSE
[D] 13517 13765 13685 13433 13780 13524 13363 13825 13487 13402 13534 13373 13585 13493 13546 13497 13344 13579 14035 14094 13388 13302 13688 13474 13842 13522 13291 13693 13468 13765 13492 13307 13671 13519 13565 13483 12949 13580 14242 13801 13505 13469 13685 14393 13416 13495 13397 13665 13500 13440 13520 13388 13667 14418 13755 13511 13366 13695 13507 13628 13550 13374 13639 13457 13416 13335 13321 13562 13402 13750 13502 13377 13588 13367 13538 13609 13407 13487 13350 14094 13398 13755 13403 13351 14211 13453 13591 13341 13708 13367 13384 13790 13490 13778 13604 13377 13700 13490 13779 13516 13366 13631 13572 13796 13585 13399 13681 13443 14037 13370 13754 13616 13421 13898 13407 13384 13588 13375 13741 13454 13978 13505 13310 13669 13494 13394 13414 13983 13667 13454 13421 13493 13281 13578 13495 13625 13548 13258 13882 13511 13806 13527 13311 13676 13474 13779 13595 13354 13626 13488 13777 13524 14101 13692 13519 13615 14356 13392 13472 13392 13613 13393 13397 13580 13329 13404 13486 13577 13686 13400 13701 13490 13914 13485 13406 13836 13505 13932 13654 13417 13657 13632 13591 13508 13750 13529 13351 14195 13499 13383 13535 13326 13620 13424 13446 13641 13360 13402 13386 12970
[L] sm_l2
[D] 19522 19524 19471 19563 19496 19456 19884 19442 19549 19459 19483 20637 19928 19700 19608 19675 19662 19632 19703 19692 19602 19668 19675 19634 19584 19442 19493 19524 19485 19548 19443 19508 20263 19519 19525 19444 19564 19472 19441 19572 19593 19446 19568 19585 19637 19650 19604 19686 19598 19462 21157 19436 19684 19998 19599 19558 20185 19491 19436 19843 19553 19464 19532 19452 19440 19471 19440 19534 19470 19523 19590 19613 19672 19634 19954 19714 19626 19671 19673 19433 19703 19617 19610 19709 19473 19471 20566 19498 19558 19581 19480 19446 19535 19556 19452 19545 19472 19482 20250 19600 19684 19691 19598 19701 19682 19443 19547 19742 19539 19455 19673 19673 19596 19587 20208 19439 19569 19440 19472 19529 19444 19533 19517 19552 19478 19558 20543 19441 19854 19443 19633 19679 19618 19644 19769 19437 19674 19671 19595 19678 19437 19597 19671 19485 19590 19485 19462 20233 19457 19536 19445 19572 19555 19434 20210 19526 19576 19454 19560 19605 19583 19532 19588 19585 19678 19444 19520 19527 19433 20366 19678 19522 19590 19579 20784 19465 19570 19480 19500 19543 19437 19564 19540 19523 19438 19550 20250 19630 19561 19454 19435 19697 19462 19603 19689 19673 19675 19689 19587 19674
[/DATA]
