[INFO]
experiment_name imdb_companion
variable K
N 428440
M 896308
K 32
sparsity 0.999979
description Compare matrices with K=[32,128,256] for IMDB companion
runtime 244
n_warmup_iterations 15
sequence_number 1
[/INFO]
[DATA]
[L] Baseline
[D] 5861 38059 38115 38122 6513 6588 41544 6897 6893 38383 38359 6600 6489 41202 38475 38130 6009 5963 38022 38129 6592 6566 40535 38191 38182 5887 6094 38227 38153 38191 6648 6943 38131 6864 6836 38324 38119 5968 5885 39402 39094 38381 6548 6604 38152 6526 6534 38096 7386 7318 42016 38294 6423 6467 38240 41388 38168 6004 6085 38361 7174 7189 38342 38180 6582 6606 38137 43292 38199 6698 6662 38342 7078 7097 38206 37925 6554 6547 38227 38147 7134 7038 38536 38021 6490 6448 38211 38121 6612 6608 39437 38196 6905 6915 41289 38148 6502 6494 42367 38166 6792 7769 38304 38335 41428 5906 5955 44242 37410 6633 6659 41379 38164 6496 6562 39237 41399 38172 5825 5860 38024 6903 6905 38279 43776 5908 5859 38105 35971 6692 6663 38450 44351 5970 6017 38094 38349 38428 6545 6599 38396 6851 6834 39283 38128 6368 6417 38118 31740 7243 7269 38242 41408 5925 5904 38114 40790 41386 5963 6195 7398 38100 38311 6973 6988 40638 5885 5981 38225 6477 6509 40387 38188 39451 6529 6502 38532 6943 6948 38572 7259 7251 38163 38274 6856 6896 38165 38228 7532 8028 41334 38223 6523 6468 38265 7580 7537 38119 38435 7042
[L] cuSPARSE
[D] 3352 3371 3495 3382 3344 3372 3269 4173 3362 3376 4094 3274 3209 3638 3212 3417 4004 3658 3281 3404 3370 3200 3371 3690 3360 3232 3230 3171 3295 3344 3309 3341 3396 3364 3222 3409 3381 3299 3366 3383 3665 3378 3233 3981 3551 3268 3698 3765 4145 4048 4110 4058 3697 4224 4031 4058 3927 3366 3401 3362 3373 3287 3375 3406 3390 3396 3402 3383 3388 3281 3426 3227 3245 3243 3296 3362 3380 3384 3323 3426 3282 3395 4159 4091 3666 3744 3391 3385 3266 3275 3262 3298 3375 3398 3379 3381 3368 4050 3639 3362 3499 3665 3365 3378 3932 3606 3211 3206 3933 3215 3390 3779 3363 3351 3367 3362 3262 3355 3378 3271 3330 3275 3927 3210 3212 3924 3312 3404 4241 3247 3352 3404 4010 3259 3306 3757 3281 3707 4012 3241 3164 3269 3245 3321 3722 3284 3344 3384 3268 3350 3232 3256 3362 3398 3284 3334 3507 3185 3240 3258 3223 3374 3286 3342 3527 3415 3248 3276 3699 3261 3278 3385 3270 3586 3229 3929 3185 3339 3389 3208 3393 3486 3383 3374 3187 3378 3390 3314 3985 4024 3285 3940 3197 3259 3325 3475 3174 4080 3750 4142
[L] sm_l2
[D] 2392 2393 2372 2426 2415 2396 2493 2375 2389 2376 2457 2385 2395 2420 2378 2402 2547 2372 2527 2408 2526 2371 3007 2387 2552 2520 2538 2518 2530 2523 2534 2531 2551 2622 2497 2520 2543 2518 2535 2502 2549 2507 2411 2379 2374 2364 2410 2400 2406 2391 2413 2497 2373 2399 3275 2404 2409 2405 2409 2376 2933 2396 2413 2406 2392 2415 2421 2386 2377 2510 2619 2373 2601 2361 2381 2894 2544 2505 2877 2503 2385 2628 2360 2359 2458 2352 2570 2370 2366 2364 2365 2509 2573 2507 2531 2360 2363 2389 2410 2393 2384 2381 2422 2394 2409 2413 2361 2392 2488 2472 2367 2397 2380 2349 2393 2409 2398 2468 2363 2467 2368 2353 2502 2627 2522 2526 2484 2502 2512 2378 2513 2533 2535 2511 2510 2542 2522 2372 2517 2523 2472 2515 2517 2352 2507 2594 2504 2500 2434 2917 2376 2390 2409 2410 2385 2369 2473 2383 2404 2387 2398 2409 2402 2386 2391 2372 2350 2518 2404 2392 2412 2377 2411 2407 2411 2522 2505 2505 2509 2356 2352 2510 2717 2468 2506 2452 2389 2371 2602 2500 2354 2464 2530 2559 2544 2360 2501 2484 2526 2631
[/DATA]
