[INFO]
experiment_name imdb_companion
variable K
N 428440
M 896308
K 256
sparsity 0.999979
description Compare matrices with K=[32,128,256] for IMDB companion
runtime 189
n_warmup_iterations 10
sequence_number 3
[/INFO]
[DATA]
[L] Baseline
[D] 47885 47931 47682 47866 47884 47888 47852 47687 47772 47940 47495 47849 47807 47810 47810 47771 48216 47940 47551 48469 47803 47922 47912 48385 48963 48177 47734 47575 47799 47725 47645 47905 47807 47885 47881 47803 47643 47921 47757 47925 47587 47795 47668 47884 47765 47789 47762 47919 47867 47729 47691 47706 47706 47972 47782 47830 47649 47648 47753 47745 47784 47702 47621 47625 47996 47854 47874 47749 47911 47933 47684 47790 47633 47759 47631 47783 47528 47805 47784 47625 47499 47760 47838 47748 47602 47727 47735 47767 47705 47838 47537 47760 47563 47864 47853 47844 47753 47693 47684 47786
[L] cuSPARSE
[D] 13588 13395 13411 13476 13331 13691 13092 13463 13335 13645 13447 13405 13485 13348 13601 13392 14029 13491 13332 13591 13492 14030 13507 13324 13599 13462 13547 13433 13395 13657 13104 13539 13326 13648 13405 13718 13400 13376 13569 13374 13644 13088 13591 13375 13730 13501 13360 13241 13732 13928 13310 13926 13382 13755 13487 13338 13861 13412 13403 13498 13331 13650 13480 13399 13515 13346 14009 13484 13351 13607 13556 13680 13410 12954 13509 13348 13666 13452 13410 13479 13346 13687 13474 13987 13370 13354 13595 13363 13405 13521 13422 13579 13484 13406 13487 13336 13663 13461 13761 13495
[L] sm_l2
[D] 19519 19475 19469 19472 19625 19485 19483 19818 19467 19473 19871 19470 19621 19698 19471 19472 19474 19474 19474 19500 19491 19478 19477 19465 19465 19494 19470 21246 19469 19465 19554 19625 19618 19665 19630 19632 19623 19620 19694 19614 19632 19613 19609 19819 19500 19503 19557 19501 19478 19577 19508 19525 19560 19470 19479 19511 19497 19628 19627 19634 19736 19509 19631 19493 19635 19466 19633 19492 19706 19623 19509 19593 19492 19476 19468 19467 19503 19518 19500 19500 19496 19511 20302 19506 19622 19698 19617 19625 19515 19636 20229 19614 19475 19695 19619 19621 19617 19511 19495 19469
[/DATA]
