[INFO]
experiment_name imdb_companion
variable K
N 428440
M 896308
K 128
sparsity 0.999979
description Compare matrices with K=[32,128,256] for IMDB companion
runtime 156
n_warmup_iterations 10
sequence_number 2
[/INFO]
[DATA]
[L] Baseline
[D] 23527 23491 23454 23505 23409 23589 23474 23609 23427 23482 24578 23483 23505 23414 23505 23570 23443 23514 23478 23618 23211 27731 22946 22904 28118 22868 22815 23377 23393 23532 23236 26162 22941 23778 23240 23268 23335 23524 23536 23551 23319 23290 23594 23527 23510 24397 23619 24191 24159 23439 23519 23448 23421 23416 23450 23454 24389 23393 23546 25485 23072 22923 28266 22832 22871 23160 23159 25245 23011 23030 23463 23497 23521 23498 23405 23455 23540 23614 23543 23039 28248 22846 22981 23126 23396 23228 23592 23451 23440 23518 23457 24025 23496 23414 25403 22817 22867 23530 23409 23434
[L] cuSPARSE
[D] 7217 7356 7316 7243 7206 7786 7216 7211 7218 7160 7253 7154 7280 7244 7330 7186 7270 7142 7335 7198 7333 7061 7339 7198 7325 7143 7334 7164 7357 7089 7587 7169 7360 7163 7380 7162 7316 7168 7285 7263 7249 7286 7313 7180 7259 7081 7301 7076 7347 7191 7360 7253 7357 7263 7331 7487 7329 7230 7279 7142 7294 7078 7286 7183 7333 7226 7256 7287 7263 7220 7195 7287 7190 7309 7193 7349 7211 7410 7223 7261 7217 7363 7202 7383 7202 7242 7223 7238 7221 7210 7555 7169 7294 7148 7333 7764 7282 7198 7262 6671
[L] sm_l2
[D] 19733 19744 19727 19859 19749 19702 20409 19724 19703 19713 19759 19708 19728 19778 19698 19696 19715 19800 19726 19790 19709 19706 19713 19755 20136 19736 19885 19870 19881 19851 19755 19828 19874 19750 19861 19708 19747 19905 19977 19729 19837 19711 19734 19745 19754 19848 19759 19765 19733 19743 19736 19710 19800 19760 19764 19702 19718 19748 19766 20427 19720 19729 19735 19746 19750 19717 19725 19870 19866 19751 19742 19728 19727 19741 19862 19881 19879 19726 19723 19733 20050 19773 19779 19743 19761 19758 19711 19733 19718 19746 19710 19836 19710 19734 19772 19890 19730 19754 19962 19893
[/DATA]
