[INFO]
experiment_name imdb_companion
variable K
N 428440
M 896308
K 32
sparsity 0.999979
description Compare matrices with K=[32,128,256] for IMDB companion
runtime 130
n_warmup_iterations 10
sequence_number 1
[/INFO]
[DATA]
[L] Baseline
[D] 7389 38349 38364 38321 5977 5883 41777 7406 7434 38002 38195 38119 6517 6530 38069 38091 6517 6392 38132 38210 37909 5922 5934 43300 37986 38157 6480 6510 38278 7524 7482 38076 41913 6596 6557 38184 7717 7734 38233 38176 8403 7512 38038 38147 38335 5966 5946 37761 38132 7314 6863 38306 38362 7365 7376 38201 38104 6598 6637 38392 37870 6466 6544 38243 37923 7141 7110 38101 38419 6476 6470 38369 38504 7680 7693 39439 38325 38087 5912 5946 38018 7740 7716 38176 41040 38149 5909 5863 7528 40120 38115 6989 6518 38492 38003 38118 6730 6665 38425 38441
[L] cuSPARSE
[D] 3693 3445 3411 3323 3461 3706 3420 3411 3629 3148 3250 3192 3307 4000 3321 3411 4047 3325 3394 3404 4027 3328 3395 4185 3302 3242 3650 3144 3211 3343 4121 3314 3399 4063 3430 3778 3794 3734 3747 3955 3455 3418 3672 3332 3275 3315 3371 3423 3431 3417 3420 3414 3425 3419 3734 3421 3773 3712 3774 3064 3687 3658 3719 3418 3389 3438 3802 3314 3808 4489 4005 3427 3423 3424 3427 3400 3424 3266 3258 3235 3370 3726 3840 4223 3439 3431 3436 3423 3426 3428 3408 3444 3321 3427 3652 4042 3718 4148 3835 3451
[L] sm_l2
[D] 2427 2442 2426 2443 2564 2424 2426 2553 2392 2536 2548 2423 2541 2411 2419 2569 2551 2564 2412 2418 2549 2420 2539 2428 2538 2416 2451 2469 2411 2544 2434 2408 2408 2424 2395 2405 2406 2428 2413 2421 2428 2411 2394 2393 2403 2412 2367 2369 2552 2403 2534 2417 2635 2529 2404 2654 2523 2535 2394 2596 2386 2921 2527 2548 2378 2557 2537 2389 2544 2392 2430 2401 2380 2393 2418 2404 2432 2389 2407 2414 2421 2436 2415 2423 2416 2417 2378 2429 2406 2424 2414 2431 2518 2421 2394 2390 2527 2409 2381 2540
[/DATA]
