[INFO]
experiment_name sparsity_large_K32
variable sparsity
N 102539
M 102539
K 32
sparsity 0.9999
description Compare matrices with K=32 for varying sparsity on large dataset
runtime 24
n_warmup_iterations 5
sequence_number 5
[/INFO]
[DATA]
[L] Baseline
[D] 570 570 571 571 557 568 570 570 573 572 572 570 572 571 571 573 573 564 570 570 573 557 571 571 570 572 571 570 573 569 573 570 571 568 573 571 595 596 574 594 598 565 612 566 598 597 596 4057 3936 3795 3665 3975 3885 3937 3890 3930 4402 3994 4487 4065 4365 4098 4310 4052 18687 18555 9309 18728 9045 26651 9677 18869 9604 18665 9461 18743 18787 19095 8987 18653 9934 18634 9700 18349 8835 18644 8955 19110 9079 8856 11608 18581 18908 9028 18543 9641 8979 19021 9176 18369
[L] cuSPARSE
[D] 17019 6080 6517 6717 2504 370 264 290 336 352 352 340 364 265 388 291 356 394 390 357 291 385 353 387 391 397 362 388 385 365 359 291 390 362 391 374 292 359 291 387 383 292 391 263 357 291 388 407 391 383 265 386 293 386 386 357 386 362 363 292 389 391 393 387 264 386 293 388 390 389 383 291 387 378 356 386 281 385 291 357 392 358 391 362 385 362 388 269 390 291 389 421 292 387 291 386 486 389 384 292
[L] sm_l2
[D] 356 355 345 502 473 335 356 490 503 500 345 347 485 533 354 356 484 494 473 501 358 492 350 529 498 365 336 481 513 493 485 517 358 483 497 476 537 341 501 358 410 342 408 381 378 350 383 479 355 357 406 329 415 414 405 407 403 423 347 363 370 367 403 402 407 401 428 355 392 374 343 361 353 426 409 360 405 366 404 364 383 374 379 413 399 382 401 353 407 403 408 338 388 402 401 483 517 477 348 481
[/DATA]
