[INFO]
experiment_name sparsity_large_K32
variable sparsity
N 102539
M 102539
K 32
sparsity 0.995
description Compare matrices with K=32 for varying sparsity on large dataset
runtime 692
n_warmup_iterations 5
sequence_number 2
[/INFO]
[DATA]
[L] Baseline
[D] 18207 18148 18142 18177 18147 18146 18162 18150 18155 18168 18151 18166 18149 18148 18171 18148 18178 18152 18151 18150 18131 18197 18148 18145 18151 18143 18143 18195 18122 18142 18129 18143 18145 18143 18147 18151 18153 18186 18140 18147 18169 18197 18174 18183 18157 18172 18170 18138 18189 18146 18230 18149 18168 18141 18174 18154 18150 18805 18176 18162 18149 18166 18786 18192 18796 18182 18882 18167 18826 18164 19133 18186 18857 18160 18444 18195 18448 18163 18443 18168 18447 18192 18445 18159 18451 18164 18161 18158 18171 18841 18144 18459 18143 52097 18147 18174 18176 18165 18160 54687
[L] cuSPARSE
[D] 9493 9438 14874 14869 14884 14924 15032 15020 14998 15025 15007 14983 15038 15004 14980 15039 14990 15028 15004 15003 15023 15507 15025 15006 15019 14985 15003 15007 15036 15028 14970 14991 15056 15008 14957 14998 15000 14958 14984 14976 16455 15037 14968 15003 14985 14995 15034 15038 14969 15021 15028 15508 15028 15021 15112 14977 15007 15023 15027 15007 14969 14963 15018 14976 14960 15006 15688 15043 14935 14970 14989 15006 15036 15023 15041 15054 14966 14983 15017 15039 15001 15023 14990 15030 15012 15034 14981 14988 15526 14981 15029 15088 15017 14986 15032 15034 14982 14984 15007 15028
[L] sm_l2
[D] 4542 4873 4499 4522 4560 4639 4670 4645 4637 4670 4509 4511 4522 4542 4518 4820 4778 4641 4496 4505 4636 4683 4533 4978 4628 4659 4651 4545 5403 4540 4498 4556 4549 4586 4528 4513 4523 4523 4513 4823 4668 4661 4530 4535 4528 4560 4538 4832 4560 4800 4666 4520 4669 4822 4517 4646 4522 4519 4563 4525 4559 4530 4503 4563 4560 4677 4675 4662 4544 4647 4525 4657 4820 4549 4562 4521 4644 4551 4550 4529 4923 4852 4793 4667 4700 4655 4520 4523 4552 4524 4558 4598 4702 4529 4532 4551 4934 4797 4512 4650
[/DATA]
