[INFO]
experiment_name sparsity_large_K32
variable sparsity
N 102539
M 102539
K 32
sparsity 0.999
description Compare matrices with K=32 for varying sparsity on large dataset
runtime 149
n_warmup_iterations 5
sequence_number 3
[/INFO]
[DATA]
[L] Baseline
[D] 3854 31984 32488 4873 33531 32569 32129 5657 32516 32358 5839 86428 3832 32460 32680 32656 32323 4895 32397 32011 32351 5020 32618 32102 5136 31995 32419 5079 32456 32275 32468 32605 33387 32473 5112 32352 31731 32130 5842 32492 32074 5844 46499 31996 32716 32535 4788 32529 32578 32472 4810 32026 32662 5317 32110 32623 32760 3977 32030 32343 4896 31400 33854 32653 5767 77915 3869 32246 32354 32626 4949 32986 32416 32570 5303 32356 32631 5585 64130 32490 32587 4902 32545 32618 32492 5321 32470 32496 35211 32658 32527 5199 32548 32481 32075 4806 32700 32486 5295 32623
[L] cuSPARSE
[D] 1964 2055 2061 2040 2055 2063 2061 2047 2059 2060 2054 2061 2041 2052 2065 2050 2050 2043 2061 2079 2016 2051 2059 2055 2065 2034 2058 2045 2057 2045 2059 2053 3158 3177 3215 3220 3185 3911 3048 3234 3176 3162 3162 3184 3169 3178 3236 3294 3292 3292 3272 3286 3306 3325 3831 4289 3281 3294 3352 3291 3292 3322 3294 3274 3316 3298 3287 3280 3303 3336 3335 3877 3252 3307 3321 3294 3938 3299 3299 3333 3270 3317 3298 3304 3289 3272 3282 3208 3985 3283 3311 3321 3277 3307 3301 3311 4599 3297 3345 4554
[L] sm_l2
[D] 1578 1586 1666 1544 1576 1576 1576 1545 1531 1580 1584 1568 1576 1555 1553 1591 1566 1670 1557 1528 1676 1696 1549 1671 1689 1557 1666 1690 1656 1533 1700 1666 1680 1668 1575 1673 1683 1665 1671 1673 1535 1680 1526 1930 1557 1556 1564 1569 1585 1550 1579 1551 1558 1525 1574 1565 1583 1585 1556 1671 1586 1571 1614 1580 1587 1581 1583 1538 1673 1668 1533 1665 1671 1685 1697 1679 1676 1668 1528 1669 1542 1689 1696 1672 1635 1537 1679 1550 1565 1673 1582 1545 1674 1524 1543 1642 1541 1562 1550 1584
[/DATA]
