[INFO]
experiment_name sparsity_large_K32
variable sparsity
N 102539
M 102539
K 32
sparsity 0.99
description Compare matrices with K=32 for varying sparsity on large dataset
runtime 1374
n_warmup_iterations 5
sequence_number 1
[/INFO]
[DATA]
[L] Baseline
[D] 35929 36443 36132 36440 35877 36432 36478 36352 36253 36156 36082 36408 35874 36455 36028 36325 35890 37523 37792 36235 36413 36113 36240 36209 35866 35875 36367 36782 36437 35878 36169 35896 35822 35883 36511 36758 36425 36417 36401 36108 36364 36356 36070 35791 36371 37919 37185 36029 36356 36452 36403 36293 35867 37162 36414 36320 35891 36101 35875 36333 36323 36265 36609 36987 35977 36371 35907 36388 35934 36060 35879 36172 36400 36360 36201 36378 36244 36375 35887 37537 35990 35880 36262 35967 35992 36371 36383 37078 36159 36366 35921 36383 36348 36152 36039 35846 35919 35924 36204 36410
[L] cuSPARSE
[D] 19196 19152 19230 19191 19307 19211 19308 19151 19231 19205 19191 19188 19215 19203 19151 19222 19147 19180 19193 19170 19226 19187 19301 19243 19176 19136 19219 19207 19179 19200 19250 19198 19150 19211 19191 19208 19180 19191 19214 19209 19374 19236 19245 19157 19238 19248 19214 19176 19237 19195 19253 19131 19184 19206 19240 19204 19147 19195 19136 19169 19234 19214 19251 19223 19227 19229 19201 19186 19181 19179 19213 19152 19260 19182 19262 19217 19204 19178 19241 19141 19172 19234 19224 19233 19167 19156 19218 19162 19225 19209 19229 19206 19198 19174 19218 19151 19295 19244 19174 19185
[L] sm_l2
[D] 8482 8451 8452 8476 8470 8477 8461 8472 8472 8501 8445 8488 8572 8472 8604 8462 8591 8508 8474 8459 8539 8450 8474 8477 8594 8470 8454 8454 8457 8455 8471 8452 8457 8505 8443 8463 8466 8470 8438 8477 8590 8471 8456 8444 8451 8828 8634 8622 8602 8483 8464 8489 8486 8488 8456 8468 8451 8802 8455 8512 8435 8574 8476 8581 8589 8452 8458 8481 8466 8411 8512 8418 8403 8424 8429 8435 8421 8574 8412 8559 8534 8444 9185 8460 8458 8410 8414 8555 8407 8379 8411 8402 8402 8406 8420 8421 8565 8427 8422 8418
[/DATA]
