[INFO]
experiment_name sparsity_large_K32
variable sparsity
N 102539
M 102539
K 32
sparsity 0.9995
description Compare matrices with K=32 for varying sparsity on large dataset
runtime 81
n_warmup_iterations 5
sequence_number 4
[/INFO]
[DATA]
[L] Baseline
[D] 2027 2050 2051 2048 2049 2060 2052 2051 20591 16825 16833 39773 16841 16956 16949 21311 39764 16998 17008 16852 16682 39508 20315 16902 23666 20488 17571 40540 16889 24177 17329 40396 40482 16962 16939 17005 18779 39645 16807 18546 16930 17999 39075 39569 18302 16853 16888 40354 39646 16873 16835 16986 16707 16977 47496 16476 18388 16984 39746 42116 17108 16908 16918 20712 48543 22190 19718 19996 40274 47311 16877 16935 16934 16932 49985 16875 17600 16984 40044 50691 39599 16940 20251 16942 18760 39545 16906 16956 17566 19928 39823 18177 16978 16918 49033 39826 16950 16772 21516 24982
[L] cuSPARSE
[D] 1104 1095 1110 1105 1110 1007 1095 1096 1084 1098 1104 1113 1095 1504 1098 1095 1108 1388 1099 1100 1107 1003 1084 1106 1460 1107 1093 1106 1016 1109 1105 1486 1105 1068 1106 1386 1098 1067 1089 1016 1081 1102 1095 1083 1076 1095 1093 1104 1512 1094 1094 1111 1392 1094 1102 1099 1020 1090 1108 1389 1666 1670 1666 2055 1689 1675 1654 1677 2186 1661 1675 1712 1662 1678 1716 1649 1651 1654 1672 1688 1687 1689 1695 1684 1693 1682 1679 1661 1694 1669 1673 1668 1668 1683 1670 1804 1769 1795 1802 1775
[L] sm_l2
[D] 1065 915 947 1069 1072 1075 1098 1091 930 924 1072 923 926 949 926 942 908 1070 938 932 924 922 919 980 939 895 915 910 936 904 1095 956 915 904 931 933 977 942 914 895 915 945 916 918 909 946 948 952 979 942 938 965 1018 913 962 988 964 966 914 1026 921 923 976 960 973 981 955 955 1046 917 1055 1093 1071 1069 949 1068 1088 1074 1066 1080 1220 1047 1061 1072 1083 1067 1074 1070 1077 1083 945 1082 1073 1069 913 990 1065 934 1079 1069
[/DATA]
