[INFO]
experiment_name sparsity_large_K512
variable sparsity
N 102539
M 102539
K 512
sparsity 0.999
description Compare matrices with K=512 for varying sparsity on large dataset
runtime 201
n_warmup_iterations 5
sequence_number 3
[/INFO]
[DATA]
[L] Baseline
[D] 115039 114745 116626 115040 114908 115019 115158 115057 114913 114908 114933 115118 114815 114666 115849 114932 114892 115375 115154 115052 114693 114961 114842 114818 115090 114708 114876 114865 114866 115094 115316 114897 115075 114850 114852 114756 114761 115114 115130 114741 114862 115142 114972 115017 114775 114734 114855 114797 114944 114879 115226 114886 115160 115066 114962 114986 114895 115134 115137 115143 115144 115034 116049 115167 115082 115011 115123 115205 114747 114874 114774 115092 114942 114787 114733 114941 114749 115191 115231 114641 115391 114716 114784 114998 114972 114957 115069 114717 115159 115030 115350 115048 115323 115013 114859 115044 115050 115311 115120 115042
[L] cuSPARSE
[D] 31541 31587 31609 31556 31552 31547 32482 31554 31536 31546 31550 31529 31551 31592 32762 31542 31544 31566 31542 31510 31538 31520 32745 31534 31551 31563 31549 31548 31536 31531 32760 31517 31562 31576 31551 31570 31517 31549 32736 31518 31559 31614 31549 31615 31575 31599 31570 31538 31569 31589 31613 31589 31590 32786 31598 31598 31587 31571 31566 31551 31525 31578 31551 31572 31585 31577 31586 31585 31554 31562 31583 31563 31568 31573 31567 32494 31638 31560 31557 31575 31563 31537 31516 32743 31568 31563 31521 31525 31518 31554 31552 32723 31872 31544 31916 31817 32187 31530 31518 32742
[L] sm_l2
[D] 110835 110815 112373 110939 110853 111583 110776 110844 111000 110908 110853 110975 110781 110839 110898 110783 110828 110989 110815 110977 110976 110880 111046 111000 110810 111069 110996 110913 110725 110837 110851 110938 110791 110784 112283 110894 110802 112283 110811 110733 112160 110818 110825 112685 110920 110812 112214 110878 111015 112922 110910 110887 111476 110903 110783 110903 110801 110908 111069 110840 110990 110840 110882 110797 110841 110742 110849 110861 110877 110808 110894 110892 110834 110845 110828 110824 110990 110749 110859 110956 111013 110942 110845 110961 110799 110965 110797 110771 111119 110897 110826 111006 110791 110840 110832 110815 110942 110885 110897 110893
[/DATA]
