[INFO]
experiment_name sparsity_large_K512
variable sparsity
N 102539
M 102539
K 512
sparsity 0.9995
description Compare matrices with K=512 for varying sparsity on large dataset
runtime 113
n_warmup_iterations 5
sequence_number 4
[/INFO]
[DATA]
[L] Baseline
[D] 58315 58231 57103 57659 58404 58173 58110 56815 58202 58130 58024 58146 59848 58152 58340 59103 56831 58132 58235 58090 56520 58022 58180 58016 56549 58151 58082 58113 58282 58344 58374 58315 59317 58340 58212 58269 56442 58081 58223 58337 58303 58198 58168 58184 59152 58188 58313 58077 58891 59313 58138 58276 58497 58021 58350 58107 57653 57333 58414 58268 58471 56375 58221 58082 58224 58661 59598 58108 58133 58664 58401 58315 58133 56312 58041 58270 58533 56510 58326 58143 58284 61477 57944 58908 58216 58117 59558 58879 58219 58011 58174 58263 58228 58107 58008 58233 58176 58194 58126 58136
[L] cuSPARSE
[D] 15955 15962 15965 15964 15972 16285 15954 15934 15932 15935 15938 15939 15929 15930 15929 15938 15937 16245 15940 15958 15925 15933 15945 15934 15943 15942 15930 15928 15944 15943 15941 15937 15939 15942 15941 15943 15936 15939 15931 15927 16298 15936 15939 15926 15930 15934 15934 15943 15939 15932 15927 15942 16253 15945 15971 15940 15930 15937 15941 15932 15967 15937 15937 16915 15962 15934 16275 15976 15925 15932 15966 15959 15971 15971 16875 15950 16022 15949 15965 15968 15964 15977 15968 15982 15962 15967 15960 15932 15977 15965 15951 15963 15953 15969 15967 16243 15917 16047 15944 16261
[L] sm_l2
[D] 57623 57566 57533 57525 57533 57577 57560 57542 57556 57639 57556 57546 57661 59201 57583 57570 57500 58619 57521 57531 57541 57565 57659 57503 57702 57511 57611 57548 57547 57594 59501 57541 57582 57545 57560 57570 57527 57517 57536 57623 57547 57464 57556 59586 57514 57524 57607 57535 57564 57533 57526 57547 57639 57548 57505 57657 58179 57554 57662 57501 58961 57579 57577 57591 57665 57545 57568 57678 57698 57520 57558 57570 57489 57670 57511 57601 57518 58629 57626 57546 57544 57550 57535 57548 57532 57572 57811 57513 57552 57551 58602 57632 57509 57518 57625 57552 57545 57556 57500 57797
[/DATA]
