[INFO]
experiment_name sparsity_large_K512
variable sparsity
N 102539
M 102539
K 512
sparsity 0.99
description Compare matrices with K=512 for varying sparsity on large dataset
runtime 1821
n_warmup_iterations 5
sequence_number 1
[/INFO]
[DATA]
[L] Baseline
[D] 1123470 1123522 1123059 1122027 1121564 1122364 1123793 1123218 1123285 1123550 1122535 1122707 1123693 1123488 1122836 1125042 1124350 1123014 1122332 1124286 1122459 1122910 1123506 1122796 1122616 1122918 1122609 1122536 1123871 1122553 1123505 1122788 1122946 1122799 1122590 1122723 1123114 1123139 1122814 1122596 1122596 1123566 1122918 1123299 1122873 1122945 1123338 1122765 1123090 1122952 1124955 1122965 1122779 1124213 1125342 1122974 1122685 1122288 1122787 1122713 1122924 1122266 1122946 1123965 1123141 1123097 1122958 1123491 1123327 1122749 1123530 1122635 1123672 1124027 1123381 1122762 1122937 1123101 1122833 1123108 1123664 1123029 1122545 1124065 1122586 1122708 1123221 1122162 1122460 1123222 1124472 1122565 1122783 1125235 1122200 1123170 1123713 1122831 1122726 1122985
[L] cuSPARSE
[D] 311994 311329 310212 310106 310065 310393 311889 310144 310174 310291 310105 312096 311433 310189 310207 310144 310164 311358 310261 310171 310181 310181 311329 311770 310253 310148 310111 311339 311417 310148 310170 310231 311502 311371 310177 310186 310175 311487 312101 311878 310138 310171 310267 310237 311349 311967 310194 310231 310279 311406 311388 310160 310166 310127 311951 311581 310151 310133 310171 310219 311333 310428 310229 310183 310152 311406 311391 310145 310158 310222 310188 311368 310158 310188 310130 310175 311697 310445 310169 310163 310084 311377 311326 310206 310148 310124 310165 311994 311374 310132 310118 310159 310732 311357 310122 310204 310147 310177 311361 310691
[L] sm_l2
[D] 915733 914048 915479 915464 915613 915063 915433 915502 918930 915290 914338 915932 915361 915909 915444 915766 915592 915721 915640 915430 913894 915351 915806 915779 915329 915946 915107 915129 915758 915429 915966 915853 915388 915488 915144 915393 915137 914128 915217 915776 915408 915461 915408 915140 915576 914949 913780 915013 917217 917318 915624 915994 916091 915719 914383 915239 915296 915795 915180 915318 915228 915195 915364 913924 914859 916915 915309 915319 915258 915196 915450 915363 914910 915417 915461 914930 915332 915239 915502 915482 914584 915083 915583 915863 915483 915583 915713 915087 915153 914027 915673 915742 915164 917696 915245 915504 915127 915130 913671 914976
[/DATA]
