[INFO]
experiment_name sparsity_large_K512
variable sparsity
N 102539
M 102539
K 512
sparsity 0.9999
description Compare matrices with K=512 for varying sparsity on large dataset
runtime 44
n_warmup_iterations 5
sequence_number 5
[/INFO]
[DATA]
[L] Baseline
[D] 12651 12555 12607 12706 12696 12741 12655 12592 12626 12657 12644 12644 12553 12863 12509 12883 13006 12576 12646 13295 12655 12660 12662 12838 12752 12642 12599 12720 12585 12695 12510 12762 13129 13270 13561 14010 14110 14196 14573 14662 14864 15324 15466 15681 15845 15707 17475 15844 15733 15831 15959 52749 13012 13288 13249 13217 13162 13195 13194 13228 13216 15932 15649 15771 15724 15587 40975 74520 13252 13188 13314 13141 13253 13342 13365 13253 13379 13227 14556 14889 15022 15204 15521 15865 18463 15014 14202 14328 15464 14294 14409 14407 14299 14413 14414 74181 12625 12784 12860 12812
[L] cuSPARSE
[D] 3549 3495 3471 3530 3529 3554 3475 3473 3530 3542 3530 3528 3497 3508 3468 3528 3527 3543 3540 3531 3532 3797 3547 3842 3493 3470 3550 3525 3523 3476 3530 3529 3470 3527 3527 3470 3492 3474 3483 3498 3474 3496 3470 3467 3476 3474 3472 3470 3494 3468 4123 3467 3480 3469 3480 3498 3478 3474 3492 3475 3484 3474 3474 3499 3477 3474 4135 3475 3474 3492 3470 3474 3467 3496 3478 3470 3493 3471 3485 3475 3471 3499 3470 3474 3469 3481 3470 3473 3492 3470 3471 3471 3733 3474 3470 3478 3490 3473 3473 3810
[L] sm_l2
[D] 9243 9243 9419 9410 9401 9381 9470 9249 9384 9305 9156 9205 9167 9281 9168 9148 9154 9244 9181 9222 9216 9170 9216 9159 9230 9186 9220 9200 9158 9219 9185 9234 9218 9195 9242 9203 9228 9210 9204 9237 9198 9228 9199 9243 9326 9213 9243 9382 9370 9222 9191 9359 9343 9358 9698 9432 9218 9372 9365 9368 9269 9333 9239 9198 9297 9316 9290 9138 9152 9170 9295 9212 9363 9379 9743 9422 9242 9365 9249 9218 9207 10013 9250 9243 9275 9267 9250 9247 9677 9318 9266 9275 9227 9245 9213 10016 9209 9190 9215 9204
[/DATA]
