[INFO]
experiment_name sparsity_large_K512
variable sparsity
N 102539
M 102539
K 512
sparsity 0.995
description Compare matrices with K=512 for varying sparsity on large dataset
runtime 911
n_warmup_iterations 5
sequence_number 2
[/INFO]
[DATA]
[L] Baseline
[D] 561271 566720 562875 559871 561504 560559 561418 562443 569849 562158 568363 561318 562967 560957 561545 559928 563310 563596 565611 562150 562255 563256 562207 563253 566553 562342 562168 575864 562305 563208 565734 562421 562533 563403 559711 562260 559892 560999 561654 562257 582841 561914 563401 560241 561762 559999 560751 561510 563260 561342 562338 561086 561556 562517 570722 562339 559747 559961 560742 560701 560846 559872 560784 561423 561862 562579 560875 562199 561007 560776 560394 565710 560822 561312 561808 562816 562411 561159 562138 562902 581423 562237 559822 560554 561733 562408 561903 561314 561720 562449 563124 561550 569097 560969 560718 562010 562732 575239 561788 581150
[L] cuSPARSE
[D] 155109 155103 155090 155077 156304 155121 155107 155054 155076 155067 155094 156315 155136 155134 155124 155089 155067 155124 155082 155130 156372 155088 155124 155093 155078 155066 155088 156316 155130 155075 155081 155073 155078 155097 155083 155121 156538 155100 155139 155128 155135 155102 155113 155099 155098 156530 155069 155079 155044 155099 155065 155067 156913 155115 155127 155137 155109 155076 155121 155055 155095 156569 155158 155087 155064 155103 155087 155080 155734 155066 155370 155102 155108 155075 155087 155072 155081 156832 155091 155095 155102 155071 155059 155097 155603 155062 156006 155035 155067 155082 155048 155118 155068 155473 155083 155100 155063 155057 155076 155095
[L] sm_l2
[D] 516218 516396 516304 517790 518200 518088 516284 516303 516418 517729 517671 518248 517662 516450 516253 516321 517903 517709 517630 517766 518835 516417 516293 517687 517884 517696 517636 516168 516250 516767 517704 517590 517484 516115 516135 515964 517491 518087 517769 517105 516010 516030 516265 517532 517741 517416 516323 515827 516042 517599 517370 517440 516004 516002 515905 518401 517383 517703 516073 515926 515872 518042 517629 517802 516692 515938 516079 517593 517453 517368 516049 515980 517467 517376 517327 517621 517479 516100 516014 516508 517400 517542 517343 516103 516083 516178 517567 517487 517409 515980 516176 515925 517526 517422 517552 516300 515861 515887 517410 517252
[/DATA]
