[INFO]
experiment_name sparsity_large_K512
variable sparsity
N 102539
M 102539
K 512
sparsity 0.9999
description Compare matrices with K=512 for varying sparsity on large dataset
runtime 17
n_warmup_iterations 5
sequence_number 5
[/INFO]
[DATA]
[L] Baseline
[D] 12746 12868 12650 12862 12806 12705 12737 12853 13047 12768 12796 12834 12852 12844 12817 12828 12800 12796 12763 12812 12720 12810 12782 12773 12757 12728 12807 12844 12840 12786
[L] cuSPARSE
[D] 3499 3521 3525 3501 3471 3521 3524 3518 3477 3527 3525 3506 3474 3526 3533 3477 3475 3480 3484 3502 3506 3498 3473 3513 3475 3473 3478 3498 3507 3502
[L] sm_l2
[D] 8909 9082 8993 8981 8932 8915 8922 8897 8928 8944 8947 8931 8929 8925 9616 8878 8932 8911 8900 8800 8901 9569 8917 8965 8925 8968 8924 8791 9028 8906
[/DATA]
