[INFO]
experiment_name sparsity_large_K512
variable sparsity
N 102539
M 102539
K 512
sparsity 0.999
description Compare matrices with K=512 for varying sparsity on large dataset
runtime 82
n_warmup_iterations 5
sequence_number 3
[/INFO]
[DATA]
[L] Baseline
[D] 114720 114622 114834 114768 114564 114853 116004 114772 114720 114489 116151 114575 114790 114608 114971 114989 114419 114615 114778 114732 114699 114576 115226 114663 114703 116721 114650 114451 115017 114720
[L] cuSPARSE
[D] 31587 31550 31573 31580 31582 31508 31565 31551 31867 31598 31585 31569 31527 31604 31556 31559 31563 31539 31545 31561 31533 31551 31546 31555 31553 31562 31552 31564 31555 31905
[L] sm_l2
[D] 102286 102399 102061 102284 102122 102170 102076 102187 101952 102045 102272 102115 102272 102178 102119 102113 102274 102178 102432 102123 102275 103462 102137 102304 103211 102150 102250 102200 102235 102314
[/DATA]
