[INFO]
experiment_name sparsity_small_K128
variable sparsity
N 10253
M 10253
K 128
sparsity 0.99
description Compare matrices with K=128 for varying sparsity on small dataset
runtime 9
n_warmup_iterations 5
sequence_number 1
[/INFO]
[DATA]
[L] Baseline
[D] 1427 2043 1424 1427 1419 1388 1424 1423 1423 1420 1420 1424 1421 1427 1396 1424 1425 1422 1423 1425 1425 1426 1427 1393 1391 1394 1423 1416 1423 1426
[L] cuSPARSE
[D] 391 487 391 505 449 753 439 488 487 489 487 488 470 454 391 462 394 608 487 457 490 490 456 495 488 490 556 461 392 485
[L] sm_l2
[D] 690 684 717 686 711 731 676 716 714 677 656 674 718 1038 669 715 733 679 672 678 675 711 712 672 710 684 675 695 705 699
[/DATA]
