[INFO]
experiment_name sparsity_large_K512
variable sparsity
N 102539
M 102539
K 512
sparsity 0.999
description Compare matrices with K=512 for varying sparsity on large dataset
runtime 392
n_warmup_iterations 15
sequence_number 3
[/INFO]
[DATA]
[L] Baseline
[D] 114907 115845 114803 114702 115281 115430 115112 114605 115587 114848 114947 114935 115724 114734 115024 117083 114633 114688 114806 116434 114895 115105 115828 114820 114811 114773 115497 114745 115003 114793 116063 114766 114849 114988 115583 114887 114611 114983 115088 114846 114796 114892 116269 114929 114742 115044 116119 114937 115943 114738 114921 114803 114742 114739 115208 114808 114854 116045 114831 115561 114900 116087 114796 115372 114656 116392 114902 114662 114719 116024 115480 114961 114942 114803 115518 114687 114851 114711 115890 114786 116010 115643 114492 114886 116001 116508 114694 114746 116510 115655 114840 114755 116058 115563 115039 115066 116806 114699 114881 115035 115752 114954 114923 114639 115478 114972 114820 114845 114825 114976 115013 115790 114743 114828 115083 115955 115118 114804 114623 116610 114767 115061 115091 116112 115016 114957 115461 116476 114764 114817 115624 115480 114800 114959 115599 115399 114773 114666 114858 114792 114753 115515 114668 115355 114895 115006 114954 114803 114793 115260 114714 114920 114917 115739 114668 115067 114797 114769 114759 115790 115094 115633 114977 115988 114774 115710 114618 115214 114937 115948 114905 116054 114952 115471 114792 114656 114950 115625 114926 115993 114899 115708 114887 114704 114802 115354 115307 115847 114987 115733 114748 115620 114802 115522 115168 114920 114845 115668 114851 114919
[L] cuSPARSE
[D] 31611 31577 31556 31562 31561 31551 32346 31569 31594 31577 31582 31568 31667 31571 31574 31534 31639 31569 31580 31561 31601 32543 31594 31572 32195 31565 31598 31604 31534 31581 31541 31567 31551 31556 31560 31516 31561 32207 31533 31524 31531 31549 31579 31560 31532 31546 31561 31569 31546 31540 31555 31556 31540 31530 31525 31541 31543 31569 31548 32474 31542 31547 31547 31542 31591 31568 31551 31645 31841 31579 31581 31600 31589 31581 31569 31580 31596 31607 31584 31581 31557 31592 31546 31839 31548 31554 31578 31618 31572 31589 31548 31890 32239 31543 31575 31554 31578 31685 32225 31585 31586 31574 31570 31556 31590 31548 31554 31563 31532 31572 31568 31560 31536 31538 31531 31534 31559 31551 31555 31550 31558 31561 32454 31594 31550 31554 31559 31550 31562 31559 31550 32219 31534 31556 31547 31570 31567 31541 31573 31570 32189 31550 31606 31555 31625 31560 31566 31604 31570 31531 31533 31598 31579 31873 31571 31576 31531 31593 31512 31569 31552 31873 31601 31589 31597 31570 31557 31573 32512 32238 31566 31568 31562 31887 31546 31535 31571 31554 31605 31575 31528 31578 31572 31534 31532 31520 31867 31543 31538 31553 31589 31577 31544 31581 31552 31563 31531 31544 31550 32223
[L] sm_l2
[D] 102387 101982 103451 102722 102203 103228 101949 102173 104036 102078 102010 103506 102266 102652 103350 101932 102036 103483 102735 101916 103525 102013 101877 104350 101866 102324 103278 101926 102743 103550 102064 102003 103339 102934 101956 103478 101940 102070 104266 102342 102015 104193 101979 102264 103232 101907 102796 103602 101871 102108 103311 102831 102157 103535 102057 102042 104077 101906 102097 103365 101885 102700 103431 102129 102008 103194 102957 101935 103509 102099 102148 104686 101893 102063 103619 102086 102929 102992 102170 102019 104140 103294 101947 103941 102149 101987 103350 102035 101979 104003 101984 101971 103395 102210 102979 103242 102160 102335 103410 102994 102095 103408 101991 102044 103862 101878 101890 103423 101954 102262 103388 101838 101710 103759 102142 102120 103514 102051 101945 102961 102005 102725 104620 102166 101966 103194 102531 101947 103158 101850 101856 103375 102030 102058 104144 101877 102020 103151 101963 102920 103485 102191 101933 103349 102922 102035 103748 102075 102212 103712 102273 102089 104105 101958 103314 103793 102360 102132 102253 102303 102093 102322 103137 102175 101965 102103 101984 103141 101798 101981 101971 102109 102619 102059 102005 101823 101937 101975 101984 101959 102105 102124 102147 101838 102073 102935 101825 102169 102041 102077 102923 102029 101914 102066 102195 102779 101917 102041 101997 101814
[/DATA]
