[INFO]
experiment_name sparsity_large_K512
variable sparsity
N 102539
M 102539
K 512
sparsity 0.99
description Compare matrices with K=512 for varying sparsity on large dataset
runtime 1883
n_warmup_iterations 10
sequence_number 1
[/INFO]
[DATA]
[L] Baseline
[D] 1124030 1124685 1123749 1124779 1123463 1123399 1124242 1124019 1125721 1124023 1123798 1124071 1124595 1123520 1123579 1123893 1123938 1125812 1123980 1124460 1123642 1125127 1124807 1124189 1124157 1124202 1125662 1125176 1123563 1124265 1123496 1125229 1123482 1124566 1124317 1124444 1123888 1124358 1124160 1126299 1125034 1123318 1124041 1124915 1124815 1124967 1124091 1123315 1123932 1123359 1124348 1123677 1124038 1123926 1124332 1124286 1123704 1124968 1124308 1123714 1123993 1124410 1124428 1124107 1123915 1124387 1125652 1123907 1124426 1123781 1124329 1125860 1124128 1124654 1123877 1125515 1124894 1124606 1123870 1124411 1125425 1124589 1124393 1123976 1124342 1123748 1124071 1123628 1123487 1124720 1124117 1124260 1123784 1124756 1124841 1123829 1123523 1124026 1126602 1124169
[L] cuSPARSE
[D] 310115 310119 311378 311376 310140 310159 310226 311648 311553 310174 310180 310222 310237 311643 311615 310125 310217 310158 310232 311374 311438 310111 310157 310185 310219 311384 310214 310035 310208 310199 311647 310214 310162 310238 310867 311446 311442 310145 310309 310224 310283 311493 311665 310227 310203 310119 310232 311627 310282 310139 310199 310229 311353 311704 310246 310301 310212 311406 311662 310234 310152 310142 310940 311693 310237 310183 310190 310288 312184 311421 310232 310219 310308 312236 311472 310246 310283 310194 310836 311729 310501 310164 310251 310215 311431 311455 310170 310212 310171 310154 311937 311414 310173 310217 310186 311332 311753 310218 310146 310189
[L] sm_l2
[D] 665496 665094 665419 665528 665578 664249 663987 664296 665149 665227 665074 664971 665259 663367 663816 665346 665852 666095 666401 665875 665952 664295 664185 665252 665759 665937 665251 665470 666371 664355 663965 663736 665928 665294 665794 665556 666002 664080 663657 663916 665120 665334 665258 665800 665679 663913 663807 664718 665291 665200 665827 665295 663765 663776 665108 665154 666408 665437 665338 664334 663786 663978 665624 665098 665275 665421 665448 664581 664208 663716 665757 665441 665658 665518 665657 664592 664311 663660 663581 665121 665518 665551 665737 665506 664001 663649 664230 664199 665458 665225 665570 665903 665673 663863 664293 664141 665136 665689 665055 665071
[/DATA]
