[INFO]
experiment_name sparsity_large_K512
variable sparsity
N 102539
M 102539
K 512
sparsity 0.995
description Compare matrices with K=512 for varying sparsity on large dataset
runtime 952
n_warmup_iterations 10
sequence_number 2
[/INFO]
[DATA]
[L] Baseline
[D] 560766 576063 560998 560306 561265 560683 560238 562078 560253 562684 560755 559030 561824 560608 560684 560275 578843 560910 559289 560940 559826 560356 562268 560491 560322 560438 559358 562253 559655 559945 559807 561710 560796 559108 562886 559210 560707 571328 562115 560623 572018 560296 559345 560554 561073 565982 561566 561207 562478 559115 561643 559951 560516 560484 569154 579832 561542 558798 560557 559885 569834 560290 561911 560779 560424 560489 560169 559401 569925 573817 561130 570998 560281 559183 561018 561004 559855 561734 560763 562210 559397 560881 559148 562233 559574 560974 562530 561160 562611 560544 560300 559055 560833 559586 576502 561619 560354 561573 570930 560604
[L] cuSPARSE
[D] 155115 156892 155121 156292 155087 155082 155064 155062 155105 155034 156499 155071 155986 155053 155046 155071 155047 155062 155076 156283 155108 155103 155060 155131 155103 155072 155073 155726 156272 155087 155056 155078 155075 155055 155089 156312 155092 155762 155081 155113 155077 155109 155084 155082 156316 155135 156304 155130 155073 155059 155088 155068 155063 156319 155080 155365 155127 155087 155131 155100 155094 155120 156551 155053 155382 155107 155072 155131 155092 156300 155074 156036 155093 155122 155114 155051 155082 155066 156516 155093 155075 155049 155120 155129 155149 155097 155132 156275 155118 155396 155104 155083 155108 155110 156561 155079 156003 155110 155108 155122
[L] sm_l2
[D] 394165 394928 394274 394362 393122 393302 393257 393068 392941 392864 393063 393088 393001 394370 394565 394366 394642 393360 392800 392758 393309 393235 392941 394390 392771 393274 394399 394809 394615 394439 394740 394410 394456 393277 393168 393130 392972 393101 393080 392901 394294 394504 394347 394526 394422 394505 393277 392829 393098 392905 392702 393146 392916 393052 393314 394553 394642 394450 394422 394549 394155 392992 393056 392722 393355 393020 392974 393124 393079 393720 394338 394844 394909 394980 394846 393345 393093 392869 393144 394097 392928 392949 392938 394898 394614 394820 394667 394412 393164 394464 393319 392922 393097 393199 393111 392709 392905 393175 394836 394216
[/DATA]
