[INFO]
experiment_name sparsity_large_K512
variable sparsity
N 102539
M 102539
K 512
sparsity 0.9999
description Compare matrices with K=512 for varying sparsity on large dataset
runtime 47
n_warmup_iterations 10
sequence_number 5
[/INFO]
[DATA]
[L] Baseline
[D] 12703 12680 12617 12628 12737 12642 12660 12717 12627 12919 12598 12710 12692 12947 12675 12669 12648 12702 12649 12746 12671 12738 12629 12701 12677 12632 12609 12645 12779 13270 13538 13881 14463 14772 14760 17023 15688 15931 15873 15883 15581 15992 15721 15775 15938 15817 15807 15964 16438 75204 12624 12728 12610 12596 12661 12609 12591 12607 12610 12665 13156 13350 14185 14121 14535 14760 15177 15966 15979 16019 15926 15953 16027 15956 15621 15853 15537 15748 15991 15970 16461 16768 17299 17648 43553 15334 15085 15355 15282 15327 15104 15339 15208 15366 16178 16457 76599 12623 13077 13242
[L] cuSPARSE
[D] 3485 3487 3511 3480 3486 3494 3481 3480 3495 3488 3501 3482 3481 4074 3481 3480 3497 3480 3478 4136 3476 3486 3506 3485 3479 3501 3473 3480 3480 3482 3531 3479 3513 3510 3495 3530 3510 3534 3533 3548 3476 3518 3551 3477 3514 3473 3499 3533 3509 3509 3541 3521 3511 3496 3538 3537 3534 3542 3530 3536 3559 3500 3509 3532 3477 3502 3535 3534 3535 3477 3532 3510 3534 3534 3534 3553 3537 3557 3505 3536 3485 3479 3548 3536 3497 3479 3516 3483 3475 3533 3513 3514 3498 3534 3516 3512 3534 3559 3474 3814
[L] sm_l2
[D] 8876 8903 9048 8888 9020 9049 8848 8816 8815 8958 8792 9971 8955 8779 8992 8933 8971 8949 9090 8802 8965 8829 8784 8804 8967 8799 8811 8967 8782 8951 8801 9864 8787 8953 8817 8792 8953 8775 8793 8790 8792 8801 8802 8787 8798 8788 8838 8834 8832 8817 8861 8867 8870 8865 8812 8844 8815 8837 9278 8868 8851 8850 8838 8853 8856 9268 8848 8826 8852 8872 8863 9024 8961 8852 8856 9052 8887 8876 8881 8978 8865 8999 8829 8817 8800 8788 8781 8783 8805 8803 8786 8814 8963 8802 8790 8800 8788 8812 8829 8834
[/DATA]
