[INFO]
experiment_name sparsity_large_K512
variable sparsity
N 102539
M 102539
K 512
sparsity 0.995
description Compare matrices with K=512 for varying sparsity on large dataset
runtime 1740
n_warmup_iterations 15
sequence_number 2
[/INFO]
[DATA]
[L] Baseline
[D] 561236 563645 561579 562545 561862 564034 560350 560234 561258 560419 563430 561914 563225 561433 563393 561057 561987 561603 560476 562316 582322 563139 563876 563397 564096 562068 573240 561384 560221 561060 571096 562529 563206 562641 561464 562755 560559 562407 560696 561334 561923 562446 562821 563312 561818 561708 562908 559895 561297 560558 562207 561087 563467 561955 562992 561721 562587 560655 565538 561780 569768 561900 563754 561412 562869 577144 563375 560736 566073 561483 579769 562531 563556 576940 562552 565180 563737 563746 562130 563631 560550 561767 563229 561398 561231 563180 563122 582248 562198 562470 562930 562638 568231 564107 560948 561762 560297 562289 560230 562407 565191 562603 576927 564297 561856 582218 562327 560169 561716 573410 564191 562272 561639 561468 561551 563588 577065 561893 562304 561635 562217 563246 569930 563990 571621 562131 581796 561234 560718 562365 579191 561855 562586 579938 563465 563365 561105 562167 567770 561450 560715 561772 579492 562922 563341 562493 561934 563051 560185 564358 560735 582499 562535 583413 564293 579539 562925 560300 561940 561022 561490 573540 562277 562618 563429 562528 563375 562107 563129 562321 562864 566224 562998 572664 560711 561787 561129 574810 562476 562030 562814 563773 561277 563553 560020 582458 561644 560013 562588 562969 563178 563543 561320 562206 573376 563714 566487 561471 583561 561338
[L] cuSPARSE
[D] 156018 155772 156789 155088 155113 155728 155125 155075 155098 156798 155975 155086 155061 155091 155116 155793 156277 155118 155125 155104 155719 155094 155091 155064 155065 156955 155064 155050 155072 155744 155502 155717 156336 155072 155763 155083 155170 155092 155081 155736 155106 156470 155081 156320 155962 155083 155065 155114 155644 155740 156294 155044 155051 155970 155073 155847 155093 156500 155749 155079 155098 155181 155096 155720 155358 155094 156277 155742 155719 155054 155046 155062 155734 156245 155089 155054 155735 155984 155069 155110 155651 155107 157638 155054 155072 155113 155153 155807 155076 155046 155060 156656 155712 155058 155071 155044 155968 155100 156741 155096 155067 155980 155093 155113 155144 155622 155751 157419 155076 155053 155064 155931 155068 155096 156755 155091 156202 155021 155048 155053 155733 157006 155076 156309 155148 155964 155099 155062 155063 155125 156836 155076 155101 155076 155734 155719 155075 156666 155089 155964 155081 155055 155105 156015 155739 155100 156252 155115 155383 155755 155175 155119 155060 155080 155739 156310 155090 155104 155765 155969 155056 155075 156288 155752 156981 155063 155080 155103 156381 155759 155058 156270 155138 155368 155961 155080 155052 155047 156549 155071 155818 155079 155193 155725 155081 155090 155067 156493 155741 155405 155098 155052 155128 155978 155050 155079 156560 155046 155983 155045
[L] sm_l2
[D] 396779 396433 396068 394781 393726 394059 394044 394294 394117 394156 394745 394387 394314 394354 395592 395272 395753 395687 395663 395511 395103 394582 395741 395835 395317 395684 394880 395548 395993 395646 395570 394418 394423 394362 394540 393466 394208 393777 394053 394474 394256 393981 394691 394411 393592 394677 394330 396719 396056 396564 396279 395583 395302 395465 395937 394579 394172 394448 393458 393673 393521 394692 394068 394218 394899 394126 394918 395313 395505 395370 395615 396230 395717 395553 394818 395372 395789 395873 396127 395770 394988 395847 395697 396258 394502 394321 394120 394878 393512 393815 393544 393740 394642 394827 395382 394526 395156 395073 394893 395547 395697 395695 395900 396560 395735 395047 393437 393502 394035 394204 394241 394295 394021 394265 394275 394287 393225 393630 395061 395891 396234 395361 395911 394924 395020 396356 395755 396455 394873 394217 394239 394536 393308 393699 393447 394305 394443 394627 394419 394551 395473 394475 395418 395569 395709 395503 395370 395161 396226 395580 395709 397382 395098 395849 396496 395589 395543 394675 394481 394121 394477 393539 393609 393583 394544 394226 394203 394448 394659 394091 393225 394984 395734 396267 396233 396509 394881 394974 396119 396643 395610 395696 394282 394272 393363 393503 394245 394378 394459 394092 394848 394363 394352 394365 394803 395022 395986 396079 395762 395787
[/DATA]
