[INFO]
experiment_name sparsity_large_K512
variable sparsity
N 102539
M 102539
K 512
sparsity 0.99
description Compare matrices with K=512 for varying sparsity on large dataset
runtime 3471
n_warmup_iterations 15
sequence_number 1
[/INFO]
[DATA]
[L] Baseline
[D] 1127653 1125332 1126341 1125868 1125667 1125973 1125763 1125342 1125472 1125254 1128847 1124617 1126206 1126113 1124967 1126844 1125855 1125423 1125497 1125558 1125479 1125952 1125349 1125670 1125016 1127304 1125900 1125512 1126751 1125449 1125153 1127079 1126400 1125626 1125058 1125405 1126039 1125391 1125362 1125225 1125557 1125293 1125333 1126146 1125559 1125773 1126226 1125624 1125992 1125568 1126736 1125687 1125867 1126192 1125554 1125945 1125629 1125648 1125339 1125628 1125337 1126143 1125473 1125610 1125705 1127223 1125639 1126675 1126380 1125916 1125632 1125241 1125053 1125258 1125891 1125645 1126531 1124492 1125819 1125069 1126164 1127463 1125815 1128080 1126530 1126285 1125951 1125940 1125631 1125492 1125883 1125721 1126354 1125684 1125221 1126140 1127107 1125376 1125863 1125946 1125917 1125355 1125830 1124880 1126355 1125824 1127445 1125275 1125628 1127541 1125817 1125883 1127232 1126120 1125740 1126947 1125259 1124971 1126888 1125465 1125504 1126266 1127962 1125790 1125330 1125762 1125943 1126503 1127033 1125387 1126256 1127415 1125162 1125945 1126002 1124745 1126183 1125813 1125626 1126189 1125537 1125244 1125830 1126202 1125900 1125657 1126243 1125864 1126182 1127090 1125332 1126049 1125287 1125106 1125473 1126643 1126226 1125759 1127080 1125649 1126090 1127438 1125279 1125709 1126767 1125871 1125626 1127266 1126000 1125747 1127107 1125930 1125564 1126115 1126555 1125112 1125346 1127300 1125128 1125503 1126056 1125680 1124743 1125804 1125564 1125748 1125198 1125318 1125446 1125897 1125438 1125875 1125494 1125428 1125239 1128022 1127332 1125379 1125695 1127253
[L] cuSPARSE
[D] 310851 310850 312124 312115 310251 310934 310277 310925 311491 311474 312103 310198 310879 310191 311419 311671 310944 311048 310194 310821 311603 312213 310240 310884 310173 312588 311896 310831 310170 311181 310215 312565 311720 310982 310881 310163 312425 311354 310922 310126 311136 310210 312089 310963 310855 310211 310803 311412 312332 310089 310903 310194 310878 311440 312106 310155 311125 310833 311364 312705 311109 310832 310132 311092 312154 312507 310051 310871 310213 312085 311260 310866 311126 310902 310227 312152 311460 310826 310195 310881 310179 312313 311368 310907 310969 310871 311554 311319 311102 310112 311050 310181 312338 310151 311026 310182 310866 311317 312045 310178 310858 310172 310877 311859 312567 310215 310872 310203 310876 312782 312120 310830 310856 310853 311448 312371 310080 310919 310198 311109 311541 310847 310242 311156 310238 312353 311376 310827 310157 311164 311100 312258 311382 310134 310825 310193 312572 311897 311378 310183 310860 310197 312661 311402 310878 310193 311089 311806 312357 310144 310869 310786 311344 312293 311455 310857 310265 311104 311504 312095 310161 311093 310194 310861 311391 312084 310183 311083 310136 310906 311365 310873 310857 310881 310855 311316 312831 310110 310849 310177 312023 312117 310895 310196 310837 310192 312690 311899 311100 310220 311134 310212 311932 311398 311184 310189 311079 312180 312156 310781
[L] sm_l2
[D] 665226 667066 666322 666433 665691 666243 666493 664833 666604 667293 666339 666639 667054 667127 665744 664982 666085 667567 666424 666741 666673 664711 665091 666485 667259 666970 666165 666413 666209 664651 666468 667491 666237 666796 666441 666216 666399 666427 666204 665209 666221 667466 666115 666801 666331 665601 665005 665355 667012 667743 666982 667107 665722 664728 665238 666318 666578 666451 665944 666576 665653 665447 665321 666686 666409 666568 666816 666746 665964 665269 666442 667635 666627 666763 667121 665312 664924 665874 666104 666373 668856 666549 665044 665686 666090 667197 666520 666314 666843 664547 665589 667706 665945 668104 666325 666379 665903 665011 666907 667597 667424 666595 667181 664642 665119 667681 667720 666629 667599 665174 665158 666845 668032 667280 667072 666648 667925 665334 665138 666667 666386 666018 667302 666975 665264 665896 666409 666237 666852 666304 665111 665986 667179 667657 667203 666627 668352 665691 665776 667338 666477 666553 666571 665750 666140 665927 667375 666663 667574 666624 665111 666096 666522 666724 665968 666547 668282 665768 664801 666213 666421 665886 667173 666677 666772 665420 665291 668006 666160 666523 667602 666670 665016 665633 665667 667323 665849 667775 667691 665300 664787 667147 666727 667655 666761 667418 665409 664770 666782 666299 666470 666065 667774 664879 664786 666906 666687 666605 667483 667102
[/DATA]
