[INFO]
experiment_name sparsity_large_K512
variable sparsity
N 102539
M 102539
K 512
sparsity 0.9999
description Compare matrices with K=512 for varying sparsity on large dataset
runtime 88
n_warmup_iterations 15
sequence_number 5
[/INFO]
[DATA]
[L] Baseline
[D] 12627 12679 12719 12694 13276 12712 12698 12804 12816 12746 12752 12734 12694 13157 12758 12640 12985 12786 12717 13197 13466 13810 14044 14553 14880 15274 15688 16113 16036 16033 16095 15927 16109 16035 15946 16195 16451 16465 67799 74214 12748 12764 12756 12931 12906 13048 12864 12754 12789 12753 13431 14764 13802 14091 15052 14186 14537 14769 15219 15638 16077 16165 15965 16097 16081 16074 15875 15954 16205 16500 74413 13175 13121 13137 14012 13204 13357 14246 13241 13220 13038 14531 14991 15132 15625 16096 16008 15997 16029 74594 12848 12794 12942 13539 12765 12737 12814 12900 12860 12771 13253 13324 13347 13483 13759 14143 14368 14894 15174 15558 16079 16096 15964 16144 16061 16092 16056 16109 15922 16229 17317 17088 17348 17667 75074 75407 13473 13014 13000 13043 13598 13005 12920 12793 13132 12916 12685 12900 13058 13164 12816 13784 13293 13228 13334 13527 13865 14255 14431 14676 15463 15609 17344 15810 15882 15867 15833 15850 15872 15900 15851 15839 16029 70052 12684 13601 12703 12695 13291 12739 12681 12632 12683 13341 13310 13507 13797 14249 14294 14745 16248 15690 15845 15828 15771 15858 16878 15829 16134 17315 15721 15720 15636 16186 16448 17028 17317 17762 74390 13045
[L] cuSPARSE
[D] 3471 3502 3483 3480 3500 3473 3470 3535 3545 3469 3533 3532 3538 3568 3536 3531 3552 3530 3896 3542 3528 3529 3531 3521 3524 3570 3469 3560 3470 3529 3530 3553 3524 4165 3502 3531 3472 3524 3528 3528 3527 3545 3533 3527 3534 3529 3551 3500 3617 3470 3770 3499 3579 3527 3532 3531 3549 3528 3529 3586 3515 3529 3526 3529 3608 3469 3502 3470 3529 3529 3536 3542 3529 3530 3469 3505 3531 3538 3532 3497 3527 3470 3509 3531 3554 3527 4172 3529 3531 3543 3528 3530 3496 3496 3474 3473 3496 3470 3469 3980 3473 3484 3472 3477 3472 3492 3474 3474 3493 3477 3474 3495 3497 3477 3475 3474 3474 3486 3478 3474 3498 3476 3474 3487 3473 3476 3473 3487 3475 3473 3489 3477 3474 3473 3473 3825 3476 3474 3485 3476 3473 3480 3477 3473 3473 3476 3475 4122 3497 3474 3475 3470 3473 3832 3475 3475 3495 3474 3473 3481 3475 3471 3471 3495 3475 3475 3474 3477 3473 3470 3474 3492 3476 3474 3490 3477 3474 3483 3473 3469 3536 3558 3530 3531 4174 3536 3530 3480 3473 3531 3542 3534 3522 3468 3496 3546 3537 3547 3472 3867
[L] sm_l2
[D] 9561 8857 8840 8813 9304 8786 8784 8801 8827 8760 8773 8787 8844 8853 8833 8841 8832 8943 8955 8961 8962 9275 8955 9035 8921 8908 8781 8929 9045 8942 8809 8950 8958 8952 8933 8965 8972 8974 9021 8930 8935 9058 8925 8925 8925 9019 8777 8789 8926 8929 8912 8911 8797 8831 8880 8789 8842 8840 8838 8868 8925 9529 8870 8877 8836 8878 8873 8884 8955 8876 8880 8894 8965 8890 8887 8886 8985 8870 8829 8897 8940 8851 8817 8831 8828 8825 8885 8771 8918 8781 8789 8933 8922 8762 8949 9040 9691 8929 8803 9057 8784 8936 9605 9091 8932 8954 9022 8796 8928 8774 9000 8910 8761 8912 8935 8934 8863 8780 8841 8986 8984 9111 8882 8932 8875 8978 8880 8884 8903 8964 8939 8861 8841 8961 8835 8787 8962 8887 8765 8776 8846 8813 8824 8962 8931 8847 8843 8869 8931 8834 8870 8949 8969 8912 8859 8870 9085 9584 9185 9005 9004 9001 9002 8859 8892 9026 9007 9098 8973 8976 8979 9311 8847 8999 9003 9011 9021 8995 9088 9010 9036 9009 8837 8981 9168 8947 8931 8929 8908 9029 9462 8881 8842 8827 8900 8911 8877 8973 8869 8899
[/DATA]
