[INFO]
experiment_name sparsity_large_K512
variable sparsity
N 102539
M 102539
K 512
sparsity 0.9995
description Compare matrices with K=512 for varying sparsity on large dataset
runtime 120
n_warmup_iterations 10
sequence_number 4
[/INFO]
[DATA]
[L] Baseline
[D] 58453 58213 58237 58402 58259 59458 58805 58307 59085 58352 58233 58420 57986 58439 58278 58234 58304 58040 58115 58282 59046 58411 58191 58263 56557 58567 58147 58144 58374 58466 58138 58268 58322 58372 58461 58170 58128 59894 58341 58396 59709 58370 58253 59490 58424 58386 59094 58377 58311 58179 58162 58139 58350 58583 58412 58361 58342 58243 56237 58315 58379 57846 56819 58323 58478 58210 58033 58277 58402 58515 58348 58292 58228 58199 58314 59429 58251 58153 59040 58189 58226 58439 58327 58389 58274 58221 58303 58620 58315 58247 58247 58211 58376 57768 58019 58031 58260 58512 58407 58822
[L] cuSPARSE
[D] 15949 15946 15979 15959 15950 15946 15946 15935 16602 15946 15957 15953 15958 15959 15939 15963 15949 15941 15944 15950 16273 15947 15946 15954 15944 15979 15955 15945 16594 16293 15946 16838 15941 15949 15958 15941 15940 15948 15958 15946 15955 15956 15951 15961 15968 15974 15988 15975 15942 15977 15950 15989 15984 16253 15973 15979 15984 15976 15930 15976 15984 15942 15985 15974 15980 15947 15984 15981 15996 15931 15980 15986 15979 15971 16531 15985 15983 15975 15968 15992 15969 15985 15977 15986 15970 15978 15985 15943 15973 15983 15946 15976 15975 15982 15987 16264 16001 15996 15948 16276
[L] sm_l2
[D] 53558 54651 53522 53491 53523 53536 53572 53374 53428 53374 53413 53382 53448 53413 53461 53359 53401 53549 54144 53445 53417 53419 54459 53400 53452 53349 53433 53398 53438 53439 53380 53484 53410 53432 53431 54807 53401 53471 53375 53384 53520 53593 53375 53418 53373 53446 53406 53388 53594 53366 53437 53372 55379 53396 53543 53566 53420 53415 53372 53409 53431 53416 53413 53425 53401 53454 53361 53424 53360 54793 53364 53401 53433 53392 53400 53455 53364 53406 53494 53419 53363 53532 53591 53553 54143 54111 54772 53356 53409 53564 54331 53317 53412 53424 53423 53493 53411 53421 53544 53370
[/DATA]
