[INFO]
experiment_name sparsity_large_K512
variable sparsity
N 102539
M 102539
K 512
sparsity 0.9995
description Compare matrices with K=512 for varying sparsity on large dataset
runtime 221
n_warmup_iterations 15
sequence_number 4
[/INFO]
[DATA]
[L] Baseline
[D] 58521 59253 58496 58564 58289 58498 58508 58222 58526 58377 56485 59476 58362 58381 58878 58425 58268 58766 58402 58368 58441 58264 58250 59370 58810 57685 58476 58440 58230 58968 58289 58273 58505 58433 58349 59069 56485 59121 58206 58477 60038 58274 58250 58577 56576 58328 58320 58497 58287 58572 58644 58582 59095 58420 58379 59170 58364 58743 59074 58707 59984 58366 58430 57890 58229 58336 58441 58524 58492 58352 58462 58423 58517 58340 58282 58396 58428 58719 58384 56556 59407 59145 58525 57734 58539 58520 58365 58440 58348 58468 58921 58321 59211 58576 58324 58366 58310 58418 58910 58346 58375 58362 58603 60115 58439 58908 59565 58343 58462 60044 58136 58443 58390 58387 58644 58471 58552 58549 58475 58366 58338 58310 58275 58303 57790 59291 59871 59198 58451 59753 58401 58549 57363 58480 58367 58546 58368 58436 59101 58417 59284 58465 58495 58319 58654 58368 58659 58412 58291 59865 58417 56661 59251 58427 58342 60149 57706 58302 58336 58452 58432 58459 58538 58359 58374 58443 58761 58126 56652 59519 58449 58395 60328 58423 58378 58872 58476 58384 58215 56677 58430 58424 58226 56487 58488 58483 58351 56451 58467 58940 58496 58347 59373 58339 56770 59435 58502 58211 58577 58718
[L] cuSPARSE
[D] 15962 15966 15972 15965 16216 15969 15958 15973 15961 16842 15963 15958 15964 15961 15925 16248 15967 15961 15953 15970 15963 15960 15969 15955 15940 15930 15931 15932 15927 15935 15939 15933 15926 15947 15931 15934 15954 17056 15930 15937 15931 15941 15938 15929 15932 15938 15931 15935 15964 16563 15928 15931 15930 15928 15927 16597 15928 15941 15932 15935 15929 15938 15940 15940 15927 15922 16574 15915 15935 15934 15933 15926 16915 15941 15932 15933 15940 15932 15930 15969 15960 15961 15963 15926 15969 15972 15958 15969 15968 15967 15954 15944 15961 15968 15964 15951 15957 15961 15969 15970 15935 15970 15939 15961 15943 15967 15970 15962 15955 15958 15966 15964 16307 15967 15931 16576 15923 15973 15961 15972 15964 15971 15962 15968 15953 15932 15960 15959 15957 15960 15934 16603 15967 15965 15936 15938 15932 16590 15916 15923 15936 15930 15945 15940 16251 15923 15937 15975 16913 15941 16583 15940 15928 15946 15932 15941 15934 15924 15940 15925 15935 15938 15941 16272 15941 15932 15922 16588 15945 15941 15935 16219 15935 15935 15944 15930 15937 16285 15925 15926 15933 15943 16305 16210 15933 15933 15942 15939 15964 15929 15969 15933 15963 16084 16247 15923 15961 15965 15931 16257
[L] sm_l2
[D] 53431 53356 53402 53367 53380 53423 53449 54431 53379 53392 53792 53378 53420 53489 53528 53504 53330 53395 53393 53475 53335 53325 53378 54424 53418 53353 54399 53338 53324 53364 53331 54150 53426 53368 53354 53382 54123 53368 53386 53319 53357 53371 53442 54074 53356 54222 53417 53413 54398 53622 53368 53359 53367 53626 53410 54276 53490 53308 53453 53484 53568 53487 55618 53519 53476 53493 53643 53542 53524 54114 54023 53471 53451 53523 53388 53397 54215 53362 53398 54788 53375 54115 53364 53392 53379 53363 53446 53328 53483 53370 53363 53476 54157 54147 53445 53377 53357 53506 53590 53488 53529 53534 53508 53522 53480 53490 53482 54256 53468 53460 53515 53512 53486 54793 53564 53504 53350 53435 53391 53418 53317 54100 53395 53353 53379 53347 54619 53375 54160 53276 53410 53419 53326 53470 53334 54016 53331 53459 53469 53624 53583 53514 54555 54397 53509 53533 53470 54917 53326 54264 53449 53894 53470 53504 53458 53509 54611 53507 53367 53394 53408 53492 53323 54142 54776 53426 53391 53392 54441 53388 53367 53353 53399 53820 53388 53407 53431 54520 53304 53544 54527 53508 53518 53540 53515 53500 53357 53648 53478 53496 53770 53477 53582 53504 55417 53380 53482 53563 53522 53465
[/DATA]
