[INFO]
experiment_name sparsity_large_K512
variable sparsity
N 102539
M 102539
K 512
sparsity 0.999
description Compare matrices with K=512 for varying sparsity on large dataset
runtime 215
n_warmup_iterations 10
sequence_number 3
[/INFO]
[DATA]
[L] Baseline
[D] 116266 114937 114868 114766 114943 114902 115408 116138 115212 114857 115027 115097 114741 115247 115961 114817 114871 115826 115082 115398 115117 115029 114863 114992 114844 116352 114895 115153 115146 114846 114987 115122 116543 115000 115170 114937 115056 114828 114722 116654 114946 115159 115319 114893 114894 114582 115095 115181 114806 115074 115795 114798 114552 115123 115032 115054 115065 116055 114936 114943 114874 114945 115024 115062 115075 115106 115209 114931 115662 114899 114643 115161 114935 114990 114974 115018 115042 114866 114991 115910 115034 115140 115062 115380 114737 115118 115773 114984 114979 114858 116601 115199 115056 115168 114593 114992 114840 116119 114937 114910
[L] cuSPARSE
[D] 31553 31542 31544 31587 31523 31569 31590 31559 31564 31538 31540 31630 31555 31587 31562 31582 31566 31556 31542 31611 31608 31567 31564 31566 31611 31598 31589 31551 31594 31589 31576 31605 31593 31620 31567 31553 31571 31581 33047 31578 31608 31531 31553 31594 31606 31587 31620 31574 31591 31560 31576 31596 31565 31569 31600 31549 31637 31556 31542 31554 31571 31559 31569 31547 31534 31577 31525 31585 31529 31564 31588 31553 31564 31554 31548 31567 32194 31547 31540 31563 31561 31509 31545 31568 32774 31518 31552 31556 31578 31550 31574 31555 32496 31584 31622 31598 31940 31531 31666 31558
[L] sm_l2
[D] 101965 101924 101848 102053 102025 101907 101825 102364 103491 101844 101932 103299 101767 101987 103062 101894 101977 103362 101783 101894 103330 102093 101973 101943 101910 102130 102011 101969 101894 101922 101986 102043 101944 102073 101993 102074 101775 101989 102035 101878 102055 101835 101958 102236 102088 101855 101935 102097 101932 101830 101903 101898 101909 101932 102004 101892 101951 101990 102042 102104 102117 101836 102090 101913 103612 101992 102093 103354 101998 102073 102069 102261 101839 102083 101844 101826 102074 101922 101949 101792 101763 101818 102048 101755 101934 102011 101733 101933 101806 101706 101801 101817 102070 101912 101905 101938 102145 101879 101874 103400
[/DATA]
