[INFO]
experiment_name patents_main_companion
variable K
N 240547
M 240547
K 256
sparsity 0.99999
description Compare matrices with K=[32,128,256] for patents_main companion
runtime 36
n_warmup_iterations 5
sequence_number 3
[/INFO]
[DATA]
[L] Baseline
[D] 4949 4967 5007 4979 4971 4966 5237 4985 4981 5020 4983 4988 5016 4971 4980 5002 4993 5016 5031 5015 5011 4979 5264 5004 5024 5026 5014 4988 5015 5042 5045 5007 5023 5022 4999 5039 5044 4960 4964 4984 4967 4959 4937 4962 4930 4973 4960 4972 4864 4877 4914 5137 5177 5121 5136 5108 5178 5081 5232 5282 5257 4934 4935 4945 4926 4924 4943 4920 4896 4957 4938 4898 4870 4904 4936 4897 4952 4930 5205 4965 4933 4951 4970 4988 4993 4983 4970 4973 4947 4995 4976 4999 5004 4983 4987 4994 4986 5031 4996 4984
[L] cuSPARSE
[D] 2024 2136 2008 2027 2002 1953 2073 2018 2011 2049 1972 2049 2002 2015 2071 1954 1998 2107 1979 2094 2109 2065 2026 2014 2022 1922 2116 2022 1986 1974 2012 2020 2070 2514 2027 1996 2056 2100 2022 2037 2122 2045 1992 2069 2049 1956 1929 2135 1991 2118 2017 2025 2004 2017 2053 2025 1952 2001 2028 1984 1996 2031 2025 1948 2088 2117 1967 1951 2016 2111 1981 2011 2014 2324 1972 2102 2023 1871 2017 2019 1959 2015 2017 2027 1968 2030 2016 1966 1943 2029 2011 1886 1959 1996 2064 1960 2020 2033 1980 2067
[L] sm_l2
[D] 1830 1669 1681 1687 1824 1707 1693 1672 1678 1728 1670 1875 1919 1685 1681 1833 1680 1854 1702 1710 1728 1828 1817 1669 1853 1859 1802 1859 1671 1710 1668 1713 1760 2184 1703 1706 1680 1683 1696 1695 1715 1666 1720 1680 1714 1686 1675 1711 1701 1671 1672 1669 1718 1718 1712 1715 1668 1679 1681 1695 1701 1674 1790 1703 1686 1680 1704 1687 1862 1779 1684 1669 1680 1692 1681 1858 1779 1674 1923 1672 1693 1699 1688 1686 1861 1670 1843 1692 1676 1681 1679 1853 1804 1700 1682 1664 1670 1684 1861 1668
[/DATA]
