[INFO]
experiment_name patents_main_companion
variable K
N 240547
M 240547
K 32
sparsity 0.99999
description Compare matrices with K=[32,128,256] for patents_main companion
runtime 18
n_warmup_iterations 5
sequence_number 1
[/INFO]
[DATA]
[L] Baseline
[D] 637 625 598 601 625 600 630 583 574 588 635 615 670 627 630 635 631 641 589 597 585 607 607 602 635 603 637 626 586 630 601 590 628 621 584 601 591 623 586 605 630 635 634 633 585 613 632 589 625 584 629 636 638 632 632 640 619 588 636 584 574 579 580 578 578 574 577 577 594 578 576 576 575 591 580 592 578 586 562 595 572 3487 3434 3659 3431 3373 3470 3394 3486 3579 3391 3473 3481 3494 3467 3778 3450 3480 3435 7514
[L] cuSPARSE
[D] 2456 2680 2634 2533 10558 2505 4963 642 629 592 629 686 600 618 619 617 614 617 515 595 632 595 498 621 586 546 573 582 661 583 585 570 580 572 592 586 564 601 568 582 616 507 588 591 605 577 572 581 492 572 588 474 555 588 613 573 578 587 593 574 600 485 579 600 473 564 584 583 566 568 585 454 570 588 492 568 584 489 593 602 582 575 589 639 573 565 558 488 604 611 592 558 580 583 478 575 562 495 574 580
[L] sm_l2
[D] 493 490 317 364 492 350 343 356 497 321 497 387 492 327 437 359 329 326 356 504 499 485 324 500 497 536 352 482 499 334 503 332 477 502 496 504 356 489 498 324 328 338 323 326 329 466 317 520 514 507 476 471 320 320 322 321 314 467 344 304 461 316 349 360 354 324 328 473 461 364 375 338 315 309 299 317 319 359 360 481 311 306 371 354 322 360 360 318 377 303 345 416 373 368 373 474 321 489 323 333
[/DATA]
