[INFO]
experiment_name patents_main_companion
variable K
N 240547
M 240547
K 128
sparsity 0.99999
description Compare matrices with K=[32,128,256] for patents_main companion
runtime 26
n_warmup_iterations 5
sequence_number 2
[/INFO]
[DATA]
[L] Baseline
[D] 2621 2270 2260 2263 2257 2270 2273 2630 2890 2457 2969 2296 2517 3214 2243 2266 2231 2152 2260 2145 2240 2236 2161 2980 2136 2193 2210 2856 2579 2257 2216 2243 2255 2265 2238 2269 2262 2208 2129 2846 2619 2466 2239 2244 2918 2124 2747 2240 2214 2263 2614 2253 2248 2250 2886 2427 2218 2236 2242 2609 3518 2970 2786 3008 2586 2583 2634 2629 2726 2798 2794 2844 2847 13369 2811 2803 2812 2796 2807 2821 3899 3336 2793 2815 2807 2805 2817 2827 2819 3892 3286 3232 2803 13145 16742 2456 2462 2441 2917 3091
[L] cuSPARSE
[D] 1767 1936 1306 1251 1359 1385 1307 1196 1426 1410 1171 1347 1159 1366 1349 1272 1271 1390 1323 1328 1286 1288 1122 1345 1165 1246 1140 1237 1134 1353 1377 1254 1368 1211 1372 1266 1164 1233 1279 1251 1141 1351 1170 1279 1353 1167 1347 1293 1355 1244 1235 1240 1232 1154 1239 1277 1329 1538 1342 1262 1359 1355 1260 1181 1696 1186 1215 1195 1267 1645 1318 1249 1307 1151 1345 1395 1305 1313 1217 1203 1348 1271 1356 1627 1601 1351 1171 1348 1159 1302 1093 1286 1193 1348 1264 1234 1619 1347 1190 1228
[L] sm_l2
[D] 1993 1429 1428 1479 1447 1453 1477 1455 1426 1990 1444 1454 1455 1434 1453 1444 1437 1480 1907 1437 1432 1451 1423 1430 1453 1453 1459 1713 1450 1438 1424 1426 1427 1457 1441 1426 1460 1425 1431 1455 1443 1446 1423 1428 1447 1603 1451 1559 1422 1442 1440 1429 1457 1583 1961 1427 1426 1425 1448 1443 1584 1560 1431 1433 1449 1585 1427 1580 1427 1425 1424 1444 1438 1435 1430 1440 1447 1576 1619 1425 1423 1542 1430 1452 1439 1423 1458 1451 1451 1426 1468 1425 1469 1425 1425 1453 1460 1437 1443 1424
[/DATA]
