[INFO]
experiment_name sparsity_small_K512
variable sparsity
N 10253
M 10253
K 512
sparsity 0.99
description Compare matrices with K=512 for varying sparsity on small dataset
runtime 58
n_warmup_iterations 15
sequence_number 1
[/INFO]
[DATA]
[L] Baseline
[D] 6735 6628 6618 6644 6510 6668 6574 6517 6928 6684 6462 6592 6585 6573 6647 6570 6623 6575 6666 6646 6650 6576 6496 6613 6357 6600 6545 6564 6687 6580 6399 6660 6591 6632 6727 6437 6610 6635 6690 6286 10975 10956 11288 11990 11986 12528 42353 48346 44742 49453 50485 52598 49514 50909 50040 50559 50034 50299 56902 8631 8565 8620 8583 8571 8496 8631 8708 8512 8575 8631 8598 8591 27812 27270 32738 22927 22842 22745 24036 19408 23024 19434 25008 19476 25618 19667 22806 22974 19862 23046 23215 23262 23309 19807 23054 23237 28903 23194 23176 22785 23512 19917 23761 23751 19569 23328 23250 23306 19531 23072 22714 23322 23349 24050 24665 23019 23068 23063 23051 23157 23295 23228 23460 19504 26366 40228 35400 23552 20933 27456 44950 46758 47413 43166 43193 50155 43317 54837 52941 49471 51162 53288 50335 50172 53502 50298 50059 48674 8236 8151 8259 8194 8233 8263 8267 8282 8708 8248 8214 8258 8266 43087 35003 11905 11888 11916 11913 11871 11935 11910 11921 39552 50424 49613 50021 52414 53800 50344 50565 49963 50189 41729 9059 8980 9054 10120 9107 9056 9084 9103 9994 8998 9127 9053 8976 35863 22855 25590 20203 52592
[L] cuSPARSE
[D] 2311 2238 1979 1960 1875 1900 1913 1909 1921 1795 1866 1810 1947 1980 1711 1809 1926 1909 1782 2435 2184 1733 1976 1861 1964 1844 1890 1898 2232 1861 1877 1745 2172 1856 1829 2207 1897 1806 1753 1912 2208 1928 1933 1891 1871 1839 1903 1848 1753 1849 1950 1888 1734 1906 1849 2052 1972 1714 1879 1879 1774 1683 2596 1784 1848 1974 1936 1880 1936 2188 1806 1924 2265 1817 1825 1892 1757 1869 1887 2447 1495 1861 1898 1888 1727 1750 1874 1885 1821 2125 2288 1842 1789 1806 1785 2284 2256 1811 1839 2501 1825 2134 1901 1905 1790 2166 2396 1885 1920 1883 1706 1814 1790 1517 1928 1932 2502 1829 1898 1884 1812 1905 1796 2549 1773 1843 1754 1872 1893 1888 1769 1835 1934 2347 1876 1905 1847 2410 1762 1958 2228 1737 1778 1905 1883 1924 2105 2539 1850 1549 1896 1755 1690 1917 2534 1732 1651 1847 1756 1890 1874 1767 1828 1960 2504 1900 1773 1906 1859 1803 1875 2248 3056 1718 1848 1930 1783 2512 1867 1914 1840 2162 1900 2058 2134 1839 1867 2114 1904 1886 1902 2453 1777 1811 1752 1780 1829 1929 2087 1881
[L] sm_l2
[D] 5241 5047 5120 4933 4878 5099 5069 5017 4969 4845 5150 5102 5093 4983 5147 5135 4909 5197 5162 5114 5322 5107 5140 5092 5243 4990 5163 4979 5081 4949 4969 4977 5018 4986 4930 5061 4972 4958 5092 4970 4879 5091 5785 4968 4978 4976 4965 5028 5016 4996 4982 5026 4944 4972 5002 4923 5020 4907 5022 4946 4780 4970 4969 4919 5038 4910 4848 5097 4960 4948 5078 5049 4946 4954 4932 4895 5024 4890 5014 4892 4915 5318 4918 5026 5085 4892 4947 5053 4996 5179 5107 5085 4965 4996 5033 5157 4988 4934 4994 5141 4927 5044 4978 4914 4903 5077 5193 5032 4956 4957 4895 5052 5263 4877 5057 5100 5153 5156 5085 4951 5110 5088 5152 5093 5114 5028 4952 5161 4898 4912 4982 5823 4928 5205 5005 5066 5025 5004 5041 5002 4868 4864 5120 4888 4938 5016 4914 4897 5086 5003 4935 4982 5001 4959 5034 5053 4969 5032 4784 4909 4976 5065 5014 4979 4910 5033 4920 4993 4928 5002 4895 5008 4950 5040 4947 4881 4999 4973 4985 4946 4902 4932 5074 4881 4946 5041 5025 4923 5200 4844 4988 4941 5219 4924 4924 4884 4993 4954 4905 5018
[/DATA]
