[INFO]
experiment_name sparsity_small_K512
variable sparsity
N 10253
M 10253
K 512
sparsity 0.9995
description Compare matrices with K=512 for varying sparsity on small dataset
runtime 22
n_warmup_iterations 15
sequence_number 4
[/INFO]
[DATA]
[L] Baseline
[D] 555 527 524 540 543 523 537 527 472 545 536 445 542 529 532 535 553 529 553 566 523 528 530 535 546 526 524 536 550 539 535 559 521 541 535 622 524 525 443 542 527 445 533 529 459 543 520 468 530 523 539 550 556 547 547 527 438 535 529 436 526 521 465 529 546 539 533 571 517 557 461 534 531 528 537 536 438 549 544 457 532 553 430 564 524 434 533 527 449 535 521 444 527 550 535 527 676 542 546 540 558 531 580 554 523 543 546 526 649 440 546 525 451 545 529 529 535 544 525 523 661 528 520 432 538 526 450 553 530 439 534 542 430 534 543 428 529 533 532 527 563 525 550 525 546 561 548 459 535 558 536 536 700 529 559 529 545 520 481 531 523 527 539 532 549 537 521 447 538 530 426 559 537 438 545 530 461 538 527 430 523 536 455 563 645 527 534 527 539 517 496 553 556 581 528 515 537 556 529 521
[L] cuSPARSE
[D] 284 185 282 185 209 284 182 315 265 182 265 265 181 267 278 198 263 263 180 270 182 182 266 197 181 266 182 183 262 198 196 266 198 180 264 182 205 264 266 183 262 270 182 263 282 181 266 180 181 269 179 183 265 181 206 264 182 269 263 183 268 265 182 269 184 181 271 181 183 265 182 180 264 182 182 263 179 179 262 267 182 262 267 181 264 266 195 275 267 182 267 181 181 264 180 197 268 182 264 179 182 264 183 181 263 181 182 264 182 181 264 207 182 261 182 181 261 183 198 282 198 201 280 270 267 264 267 367 267 180 266 264 181 262 269 181 267 181 182 266 196 206 265 182 240 264 182 181 263 267 261 180 321 266 199 268 265 180 267 281 179 263 183 199 264 264 182 262 265 183 262 266 182 263 282 182 263 197 199 268 182 195 266 182 182 264 182 182 271 182 179 264 182 273 264 181 265 263 183 302
[L] sm_l2
[D] 419 419 581 580 534 564 417 415 419 581 411 409 564 418 588 676 529 397 777 412 411 609 417 420 415 409 557 418 418 436 432 395 564 401 409 401 396 562 557 462 589 438 413 561 578 425 525 394 395 558 583 404 403 420 451 436 439 448 412 518 392 410 434 412 454 521 421 442 397 437 399 467 436 413 416 452 395 434 416 415 393 452 396 407 424 430 553 473 436 399 447 434 411 412 397 444 395 437 398 430 448 462 397 439 412 399 450 418 432 435 400 396 454 462 403 476 420 401 587 579 402 403 415 556 394 399 400 525 428 416 620 599 403 403 410 415 411 398 416 398 427 397 394 400 400 397 390 423 396 560 420 398 400 420 394 395 396 397 414 397 414 612 445 400 408 415 588 404 417 399 400 560 398 400 397 404 435 416 549 408 394 415 404 396 457 444 395 666 411 397 415 400 394 397 403 394 403 402 413 541
[/DATA]
