[INFO]
experiment_name sparsity_small_K512
variable sparsity
N 10253
M 10253
K 512
sparsity 0.995
description Compare matrices with K=512 for varying sparsity on small dataset
runtime 39
n_warmup_iterations 15
sequence_number 2
[/INFO]
[DATA]
[L] Baseline
[D] 3264 3219 3627 3201 3289 3180 3260 3230 3306 3171 3260 3286 3190 3227 3263 3297 3106 3177 3170 3256 3233 3101 3168 3277 3244 3271 3289 3238 3231 3195 3277 3298 3193 3229 3201 3199 3223 3243 3181 3233 3200 3156 3236 3209 3223 3253 3184 3945 3178 3267 3176 3228 3222 3318 3284 3226 3276 3208 3252 3226 3308 3277 3267 3219 3224 3272 3259 3153 3262 3217 3236 3265 3213 3270 3282 3268 3214 3178 6647 5387 5418 5678 5706 5712 5920 5918 7197 6165 6145 6153 20708 20294 26398 21167 23701 22338 20561 24521 24163 26427 26713 26779 27211 26099 25808 26680 26106 25367 25719 26892 25650 29816 28510 14328 4424 4434 4455 4482 4459 4464 4430 4476 4446 4461 4491 4422 4456 4429 4468 4382 4467 4455 4490 4459 4435 4453 4457 4456 4461 13162 16911 21717 24216 21571 21783 26715 25531 25010 27132 25932 26203 27208 27812 27221 26712 25901 26244 29267 26654 26808 28445 4128 4120 4134 4080 4086 4152 4142 4122 4123 4143 4125 4099 4124 4138 5166 4137 4130 4113 4134 4080 4117 4146 4109 4136 4153 4133 4102 20775 23579 22676 20100 21792 19606 23669 23840 18392 26135 26089 31454
[L] cuSPARSE
[D] 1036 1124 1057 1690 1007 1147 1334 1127 1120 1103 1128 1114 1057 1084 1045 1095 1366 1083 1456 1119 1395 1057 1099 1023 1105 1027 1101 1010 1099 1001 1056 1007 1077 1730 1041 1118 1033 1116 1047 1159 1128 1090 1092 1075 1014 1121 1016 1106 1675 1048 1105 1027 1090 1014 1113 1034 1088 975 1090 1049 1111 1612 1014 1062 1038 1095 1133 1079 1066 1088 1112 1083 1032 1016 1011 1098 1373 1125 1141 1056 1110 974 1157 977 1118 1052 1093 953 1122 1019 1135 1372 1134 1434 1019 1124 1088 1116 1116 1393 1013 1125 1116 1051 1084 1022 1105 1035 1099 1166 1016 1353 1013 1136 1048 1179 1507 1055 1087 1162 1127 1132 1099 1485 1131 1146 1024 1109 1044 1084 1374 1078 1105 1033 1116 1022 1093 1523 1047 1147 1008 1154 1016 1086 1476 1178 1101 1162 1121 1026 1095 1395 1043 1099 1039 1182 1152 1107 1124 1012 1106 1002 1128 1248 1006 1089 974 1118 1008 1089 1018 1052 1699 1093 1061 1111 1157 994 1121 1032 1096 1151 1044 1091 1046 1186 1454 1024 1150 1025 1151 1050 1137 1712 1018 1080 1061 1358 1388 1109
[L] sm_l2
[D] 1743 1630 1583 1778 1592 1593 1591 1781 1617 1626 1578 1646 1583 1589 1571 1626 1575 1577 1595 1623 1572 1634 1590 1605 1594 1594 1583 1596 1596 1659 1999 1613 1593 1619 1594 1607 1625 1592 1593 1598 1591 1797 1696 1580 1586 1587 1591 1589 1618 1589 1605 1592 1619 1737 1577 1629 1615 1611 1585 1577 1574 1603 1617 1615 1684 1587 1594 1591 1574 1647 1743 1766 1604 1588 1601 1603 1595 1572 1591 1589 1756 1577 1626 1600 1610 1712 1695 1760 1587 1646 1791 1581 1579 1606 1780 1771 1827 1672 1738 1604 1795 1585 1588 1633 1576 1576 1586 1707 1656 1758 1616 1791 1614 1776 1593 1574 1590 1629 1806 1623 1765 1631 1587 1777 1604 1680 1592 1617 1582 1638 1573 1659 1597 1664 1593 1577 1615 1593 1610 1603 1625 1604 1589 1694 1588 1618 1613 1655 1639 1633 1587 1618 1661 1576 1579 1633 1609 1587 1664 1721 1572 1599 1645 1694 1622 1648 1619 1580 1603 1650 1659 1593 1604 1652 1618 1605 1622 1625 1635 1656 1614 1570 1586 1597 1584 1593 1624 1602 1587 1599 1765 1593 1750 1587 1737 1576 1593 1613 1590 1591
[/DATA]
