[INFO]
experiment_name sparsity_small_K512
variable sparsity
N 10253
M 10253
K 512
sparsity 0.999
description Compare matrices with K=512 for varying sparsity on small dataset
runtime 24
n_warmup_iterations 15
sequence_number 3
[/INFO]
[DATA]
[L] Baseline
[D] 747 1106 750 777 778 779 781 778 744 775 744 752 764 783 794 757 1114 1119 1122 743 750 753 779 745 745 774 749 779 773 1044 1043 773 777 776 778 777 778 748 749 784 747 1366 1308 1116 773 771 774 747 781 767 745 775 745 774 776 748 746 744 749 746 746 836 746 752 755 749 758 751 744 748 751 778 747 745 751 752 778 747 773 756 751 778 1100 1065 749 1136 775 774 773 778 748 1098 753 747 747 773 747 752 746 778 745 773 745 748 747 750 1071 751 776 776 750 775 749 774 746 776 749 778 778 777 748 780 780 745 781 753 749 776 1103 1289 1114 978 746 1290 773 1163 747 749 748 755 749 749 774 775 745 748 785 777 746 778 777 787 749 774 777 774 745 778 775 751 748 780 754 747 779 776 747 747 780 1113 753 750 1135 775 758 678 775 781 777 744 750 1100 1115 744 751 755 745 754 649 747 748 754 743 752 753 747 749 756 755 744
[L] cuSPARSE
[D] 477 393 382 390 392 296 392 385 298 386 297 396 395 297 392 286 296 383 296 298 391 297 454 378 295 369 306 307 374 294 282 373 294 293 375 292 408 376 294 476 376 294 403 378 294 376 366 295 377 369 293 378 293 295 376 294 383 364 293 482 376 293 372 294 294 375 282 294 370 294 294 360 292 372 378 293 376 293 294 372 294 295 358 291 292 359 378 378 384 294 410 375 283 373 371 285 373 294 294 375 293 294 372 293 373 294 294 374 282 294 373 283 291 367 293 378 371 294 375 294 294 373 294 258 341 365 372 288 374 370 294 379 379 454 377 292 378 369 293 376 294 294 370 293 295 374 294 290 364 294 294 366 293 477 377 294 458 377 294 373 293 293 374 293 285 368 292 292 366 378 293 413 381 384 377 294 395 379 295 376 381 294 375 294 294 373 294 294 363 293 379 378 294 407 295 293 374 295 293 359
[L] sm_l2
[D] 567 564 535 531 529 562 552 536 540 582 580 715 730 560 746 548 696 548 548 549 744 588 544 549 722 625 745 561 753 727 562 701 546 689 533 723 724 571 729 730 725 563 711 546 538 690 723 735 707 567 562 567 562 613 601 595 717 554 578 558 713 539 653 563 543 566 565 591 741 535 702 717 557 564 547 692 576 579 609 555 555 548 615 576 575 587 551 624 538 546 554 544 529 581 552 595 549 619 575 594 546 586 544 607 577 597 596 532 666 576 538 573 543 588 556 546 1023 555 554 587 579 623 576 565 554 552 644 591 524 590 620 598 529 655 552 585 559 544 717 711 703 577 724 547 844 562 538 755 535 571 547 536 714 556 542 715 651 558 546 577 543 554 709 548 722 582 537 740 542 1167 582 690 552 563 525 537 563 560 537 549 553 558 537 720 556 608 563 547 562 557 553 540 543 569 572 556 713 706 673 570
[/DATA]
