[INFO]
experiment_name sparsity_small_K512
variable sparsity
N 10253
M 10253
K 512
sparsity 0.9999
description Compare matrices with K=512 for varying sparsity on small dataset
runtime 11
n_warmup_iterations 10
sequence_number 5
[/INFO]
[DATA]
[L] Baseline
[D] 370 221 242 341 221 341 240 248 245 247 224 345 319 317 340 342 246 344 241 320 222 319 248 340 247 342 224 221 224 220 248 241 340 220 332 221 342 247 303 246 331 305 332 327 249 227 246 222 246 247 328 332 331 331 219 303 220 305 247 330 226 218 247 242 224 242 330 242 331 241 242 245 219 229 243 328 243 334 247 241 245 241 226 225 330 224 330 335 239 303 240 322 220 311 248 241 223 242 329 218
[L] cuSPARSE
[D] 85 80 82 90 80 113 82 88 112 85 86 85 81 212 79 85 87 82 85 79 81 86 81 86 87 81 85 82 86 87 82 82 84 82 88 84 81 86 81 82 85 82 87 83 81 84 114 81 85 85 81 82 84 162 87 81 87 85 81 86 82 82 86 83 166 83 82 86 78 81 86 82 84 85 82 86 82 84 83 82 80 85 82 81 82 81 165 110 88 86 86 82 226 81 85 85 81 86 78 80
[L] sm_l2
[D] 243 250 414 223 259 220 238 220 238 238 406 270 272 221 221 220 220 302 222 222 274 253 278 247 251 250 251 268 247 396 248 244 266 237 276 265 252 250 244 255 290 369 233 218 234 222 223 246 274 221 221 277 218 223 225 220 253 240 230 277 263 223 288 220 220 221 277 220 280 274 219 216 218 224 247 390 222 419 369 247 251 402 414 248 253 276 226 480 244 251 248 257 252 253 248 247 255 253 392 248
[/DATA]
