[INFO]
experiment_name sparsity_small_K512
variable sparsity
N 10253
M 10253
K 512
sparsity 0.9999
description Compare matrices with K=512 for varying sparsity on small dataset
runtime 21
n_warmup_iterations 15
sequence_number 5
[/INFO]
[DATA]
[L] Baseline
[D] 314 221 321 226 222 310 221 232 224 322 319 224 310 221 227 218 305 308 309 222 227 227 308 309 216 345 222 304 228 222 227 222 301 217 215 217 222 356 223 222 227 222 303 227 307 309 213 232 221 303 301 301 221 227 226 307 309 222 227 218 303 225 221 300 234 309 227 222 309 222 379 218 221 218 218 315 222 223 306 222 331 226 222 309 222 222 227 215 306 223 221 226 223 308 308 222 232 227 307 225 222 313 223 307 212 313 219 222 217 224 311 224 222 227 214 301 221 223 227 221 300 222 221 218 222 299 223 222 218 221 472 309 221 227 218 316 307 223 300 224 321 219 222 309 221 222 227 223 307 223 222 218 216 306 224 222 227 222 308 223 214 227 225 310 223 214 228 311 314 309 221 307 227 311 308 222 303 213 301 222 221 309 221 222 218 222 303 221 223 219 214 307 222 223 218 213 301 222 223 220
[L] cuSPARSE
[D] 272 88 80 89 90 82 88 90 83 102 82 83 84 88 80 85 84 81 80 85 81 80 83 80 83 86 83 83 83 77 87 84 83 83 83 88 81 87 89 80 86 83 84 88 84 82 88 89 80 91 85 90 81 82 86 81 81 89 82 81 88 82 77 89 89 80 83 83 81 311 87 82 89 84 80 89 87 80 80 84 88 81 82 83 89 89 84 80 85 84 81 89 82 83 89 81 81 89 82 77 89 83 80 89 81 81 90 82 85 88 84 80 88 81 81 90 84 81 90 81 82 89 82 79 198 93 84 191 89 82 270 88 83 86 84 84 93 89 81 260 90 81 78 88 85 89 87 81 90 82 80 83 87 81 85 83 80 79 85 85 79 83 81 80 83 83 84 90 84 82 82 88 84 89 89 81 88 89 81 87 81 81 88 80 84 89 81 82 86 81 83 90 81 80 89 81 81 322 88 77
[L] sm_l2
[D] 408 261 234 246 221 230 226 227 229 237 280 389 253 416 221 265 228 386 224 228 243 392 537 225 225 222 223 243 242 386 223 236 402 225 249 224 221 386 227 361 246 222 255 251 437 265 235 276 259 258 289 225 255 265 276 226 225 241 287 292 273 262 259 279 240 278 266 225 226 222 241 225 259 260 272 271 268 224 270 290 260 260 298 386 237 234 276 274 225 284 298 263 236 272 258 288 277 293 260 261 357 244 238 262 225 285 293 228 423 402 421 418 223 264 222 237 380 222 407 380 411 259 234 388 498 265 402 247 221 221 379 394 244 483 242 254 411 267 374 424 376 232 235 220 517 224 235 388 236 240 377 516 222 445 422 248 506 232 389 245 409 287 405 407 381 431 381 228 231 435 405 323 222 249 223 259 225 234 239 283 275 276 271 223 264 262 247 244 225 216 221 236 257 222 221 271 263 348 249 245
[/DATA]
