[INFO]
experiment_name sparsity_small_K512
variable sparsity
N 10253
M 10253
K 512
sparsity 0.999
description Compare matrices with K=512 for varying sparsity on small dataset
runtime 13
n_warmup_iterations 10
sequence_number 3
[/INFO]
[DATA]
[L] Baseline
[D] 750 756 755 752 752 750 758 1120 758 757 754 760 758 758 758 758 758 756 750 756 757 754 755 754 755 760 793 743 756 750 753 754 760 757 757 754 758 756 753 753 752 1111 750 757 756 756 757 764 754 758 754 753 755 755 758 753 754 750 1045 751 761 741 753 757 758 760 757 758 754 753 748 756 753 844 748 757 759 761 756 759 778 752 754 748 748 749 748 757 751 747 757 752 755 752 754 754 755 755 750 748
[L] cuSPARSE
[D] 390 297 390 395 299 392 398 354 386 298 399 395 299 392 299 299 382 293 393 395 299 387 299 299 392 299 298 392 299 389 395 299 389 300 290 387 289 291 374 379 505 386 295 376 380 296 376 374 342 371 295 381 379 297 377 295 294 377 296 304 368 294 293 377 295 462 378 295 376 284 295 370 294 294 368 291 294 367 295 392 379 382 379 378 295 368 369 371 381 295 381 372 295 379 296 296 375 297 295 377
[L] sm_l2
[D] 582 568 577 557 561 579 632 568 593 585 539 864 567 576 718 584 575 531 798 745 572 567 578 662 757 574 737 730 572 571 561 574 610 577 570 677 553 562 582 580 770 569 610 581 565 586 609 671 579 578 567 571 576 545 630 547 572 535 555 579 585 562 565 638 546 542 582 568 529 591 587 727 555 584 635 537 578 580 636 540 616 603 522 707 560 593 582 590 605 543 580 561 533 583 551 605 590 601 561 632
[/DATA]
