[INFO]
experiment_name sparsity_small_K512
variable sparsity
N 10253
M 10253
K 512
sparsity 0.9995
description Compare matrices with K=512 for varying sparsity on small dataset
runtime 12
n_warmup_iterations 10
sequence_number 4
[/INFO]
[DATA]
[L] Baseline
[D] 459 586 532 432 540 548 613 535 533 530 461 534 536 455 564 534 422 564 682 440 544 539 525 541 542 536 538 549 556 526 531 527 546 471 569 536 656 551 528 537 524 544 534 534 537 547 538 524 537 527 560 536 533 524 543 532 551 471 527 539 558 523 441 526 534 434 565 535 442 524 538 450 557 530 558 533 534 539 535 535 451 516 534 444 552 643 546 520 428 529 555 434 573 527 527 534 539 534 544 515
[L] cuSPARSE
[D] 206 305 206 420 205 197 307 213 319 292 206 290 319 209 292 208 401 330 322 292 295 201 300 207 294 298 202 323 206 294 289 204 295 202 227 271 355 296 210 295 208 298 294 204 268 210 296 293 200 292 209 207 264 208 490 301 208 291 292 295 267 208 344 293 207 283 199 202 266 208 294 295 207 314 208 199 284 204 355 294 205 292 206 209 293 208 316 206 203 282 207 294 205 199 291 293 216 320 207 263
[L] sm_l2
[D] 418 569 564 591 430 531 418 564 422 422 416 416 424 402 566 588 424 742 420 594 434 425 440 437 570 568 420 457 596 526 437 422 418 445 421 440 419 446 423 423 428 418 440 440 424 424 429 439 464 449 420 457 419 418 423 440 460 424 417 421 483 458 462 429 423 442 422 426 453 422 443 422 439 422 420 421 422 437 440 463 421 439 422 449 442 451 480 448 669 448 418 391 562 393 781 437 395 592 397 507
[/DATA]
