[INFO]
experiment_name sparsity_small_K512
variable sparsity
N 10253
M 10253
K 512
sparsity 0.995
description Compare matrices with K=512 for varying sparsity on small dataset
runtime 21
n_warmup_iterations 10
sequence_number 2
[/INFO]
[DATA]
[L] Baseline
[D] 3081 3120 3097 3147 3202 3112 3137 3131 3103 3181 2979 3071 3077 3146 3099 3143 3307 3173 3160 3128 3211 3119 3079 3181 3012 3155 3114 3119 3255 3142 3112 3113 3203 3204 3159 3195 3267 3181 3128 3282 3136 3137 3186 3181 3107 3233 3146 3488 3068 3162 3096 3078 3133 3109 3160 3145 3147 3153 3143 3284 3227 3196 3177 3110 3117 3107 3025 3171 3170 3291 3167 3179 3079 3282 3199 3163 3036 3162 3227 3371 3085 3006 3274 3168 3150 3136 3089 5745 5728 5937 5923 6678 6175 6193 6167 6442 6445 6431 6819 6770
[L] cuSPARSE
[D] 1151 1089 1158 1211 1208 1175 1084 1188 1202 1192 1196 1210 1199 1198 1323 1134 1133 1141 1129 1066 1129 1199 1060 1124 1065 1194 1175 1080 1178 1526 1056 1121 1171 1183 1106 1163 1186 1147 1183 1309 1148 1182 1139 1427 1086 1170 1745 1115 1109 1078 1131 1448 1165 1147 1071 1121 1041 1147 1476 1098 1162 1062 1225 1129 1181 1092 1113 1133 1361 1174 1173 1145 1145 1081 1138 1377 1078 1153 1749 1075 1125 1040 1132 1423 1175 1182 1055 1120 1411 1148 1173 1171 1254 1587 1145 1138 1175 1128 1036 1136
[L] sm_l2
[D] 1591 1643 1589 1601 1633 1573 1599 1580 1570 1617 1654 1572 1635 1599 1588 1613 1622 1602 1609 1593 1578 1613 1652 1617 1645 1604 1586 1628 1608 1586 1603 1594 1600 1620 1651 1615 1586 1569 1750 1790 1631 1587 1601 1593 1618 1784 1793 1609 1611 1596 1608 1608 1761 1620 1756 1585 1589 1608 1782 1637 1594 1612 1603 1750 1616 1580 1667 1742 1617 1572 1752 1583 1605 1765 1748 1742 1608 1813 1784 1772 1749 1598 1600 1619 1605 1587 1775 1588 1603 1745 1608 1582 1774 1615 1608 1591 1705 1642 1640 1611
[/DATA]
