[INFO]
experiment_name sparsity_small_K512
variable sparsity
N 10253
M 10253
K 512
sparsity 0.99
description Compare matrices with K=512 for varying sparsity on small dataset
runtime 32
n_warmup_iterations 10
sequence_number 1
[/INFO]
[DATA]
[L] Baseline
[D] 6615 6489 6763 6583 6398 6666 6627 6705 6651 6563 6541 6619 6553 6513 6343 6666 6541 6622 6646 6608 6440 6110 6661 6706 6616 6509 6642 6441 6675 6546 6495 6461 6442 6673 6609 6635 6179 6516 6883 6464 6477 5621 6601 10541 11091 11544 12351 12426 12820 41436 37023 42012 50350 47823 45031 42782 46408 50551 47737 49572 44694 50105 49117 56247 51097 49936 50690 52148 52187 52052 51462 50358 51124 50918 55274 51866 50512 51572 51766 51863 51857 50776 52169 52129 17740 9602 9169 9169 9157 9157 9087 9081 9147 9152 9181 9147 9106 9115 43532 41361
[L] cuSPARSE
[D] 1991 1926 1919 1851 1992 2232 1950 1932 1892 2363 1873 1948 1988 2327 2030 1892 1893 2209 1923 2309 1855 1895 1919 1948 1939 2249 1874 1936 1967 1956 2173 1914 1805 1920 1894 2222 1847 1907 2294 1903 2210 1918 1895 1962 1907 1922 2267 1990 1854 1859 2286 1797 1826 1922 2304 1865 1801 1927 1825 1809 1935 2060 1987 1972 1962 1933 2525 1796 1931 1950 1910 1833 1886 1955 1962 1824 1915 1936 1923 1834 1930 2180 1942 1886 1894 2509 1908 1881 1867 1754 1952 1931 2194 1804 1949 1900 1969 1772 1913 1958
[L] sm_l2
[D] 5092 4993 4921 4888 5048 5153 4944 4967 4912 4948 4949 4902 5115 5064 5112 4991 4852 4895 4880 4977 5053 4994 4961 4973 5079 5049 5023 5163 5092 5038 4867 5023 4892 4981 5041 5053 5000 5009 4985 5003 4901 4958 5087 5023 4940 4907 4993 4798 4956 4991 5012 5003 4884 5038 4920 4914 5046 4911 5153 4955 5051 4928 4904 5122 4884 4918 4873 4979 4979 4884 4922 4902 4923 4884 5158 5118 4900 4971 4917 5035 5038 5202 5125 4920 4937 5028 4902 4964 5202 4998 5021 5045 4896 4971 4910 4923 4904 4888 5009 5030
[/DATA]
