[INFO]
experiment_name patents_main_companion
variable K
N 240547
M 240547
K 32
sparsity 0.99999
description Compare matrices with K=[32,128,256] for patents_main companion
runtime 39
n_warmup_iterations 15
sequence_number 1
[/INFO]
[DATA]
[L] Baseline
[D] 616 953 633 591 642 615 629 571 626 596 624 608 634 638 574 636 625 615 632 614 576 615 632 601 603 614 614 611 584 597 590 590 586 630 628 612 634 604 632 630 631 591 618 599 631 628 618 625 583 628 565 571 583 556 573 564 573 580 574 577 577 574 558 574 565 585 579 556 587 577 575 572 573 585 573 577 560 590 570 592 571 3421 3331 3642 3444 3460 3441 3368 3402 3674 3443 3516 3390 3464 3469 3739 3491 3532 3379 3509 3779 3506 3509 3726 3551 3552 3597 3552 3553 3520 3529 3553 3583 3497 3481 3518 3484 3531 3535 3505 5088 3490 3407 3527 3740 3781 3781 3621 3594 3590 3456 3551 3425 3504 3538 3467 3498 3579 3518 14003 14880 3528 3455 3552 3482 3390 3594 3503 3467 3537 3550 3465 3375 4538 3497 3698 3801 3771 3866 3813 3635 3680 3599 3565 3515 3397 3503 3516 3416 3545 3477 3503 3452 3617 3530 3554 3607 3516 3425 8412 14930 3634 3769 3794 3718 3650 3571 3565 3597 3617 3569 3612 3594 3502 3578 3486 3566 3491 3611 3549
[L] cuSPARSE
[D] 4727 508 484 610 647 497 610 606 607 604 578 612 600 500 602 600 610 494 566 578 602 480 586 579 496 569 575 563 576 585 566 599 581 564 575 563 629 606 578 571 601 557 559 596 571 578 570 489 598 593 455 559 581 550 572 580 478 581 578 607 573 560 609 552 588 591 557 566 676 478 575 564 479 564 581 476 557 579 466 580 569 573 579 582 580 578 575 601 495 581 587 483 596 558 474 575 578 500 567 577 582 570 639 602 599 575 596 477 565 582 471 575 575 470 562 573 573 549 573 624 474 564 560 572 571 604 562 585 579 582 580 526 585 595 577 553 572 586 604 602 515 599 617 565 579 603 584 737 570 582 615 494 581 582 602 585 557 614 607 499 565 564 584 572 583 662 585 602 623 509 595 615 577 495 576 577 496 586 581 598 502 587 624 598 705 572 589 562 498 548 573 609 464 567 583 472 592 576 464 557
[L] sm_l2
[D] 480 471 329 477 484 486 499 480 325 318 492 509 554 323 486 485 477 496 319 323 315 325 324 476 485 475 493 530 718 509 490 354 337 505 391 307 324 479 487 425 349 360 485 305 309 320 363 309 408 484 417 321 321 355 397 321 395 372 376 385 335 306 391 308 408 389 383 404 389 307 407 373 315 378 323 398 409 367 435 311 370 386 390 329 397 401 331 384 328 472 513 365 482 495 375 478 482 486 455 453 501 477 321 454 348 434 453 476 465 485 466 458 463 491 331 345 446 457 457 476 484 803 457 490 456 316 334 424 464 476 455 515 471 457 496 493 461 504 348 490 461 498 514 480 468 465 456 369 364 326 343 326 327 332 308 488 473 358 319 457 367 493 386 333 371 374 319 479 336 488 336 433 360 319 322 370 421 317 350 490 525 307 313 470 465 304 330 472 342 348 333 337 491 315 329 302 453 312 342 480
[/DATA]
