[INFO]
experiment_name patents_main_companion
variable K
N 240547
M 240547
K 128
sparsity 0.99999
description Compare matrices with K=[32,128,256] for patents_main companion
runtime 29
n_warmup_iterations 10
sequence_number 2
[/INFO]
[DATA]
[L] Baseline
[D] 2279 2269 2268 2184 2556 2189 2282 2252 2280 2870 2597 2270 2208 2255 2642 2646 2214 2274 2121 2324 2207 2797 2635 2231 2591 2279 2280 2952 2500 2227 2319 2825 2271 2562 2648 2241 2281 2171 2251 2261 2220 2601 2167 2221 2211 2258 2230 2607 2589 2815 2508 2265 2233 2250 2510 2530 2525 2594 3229 3768 2670 2668 2726 2835 13266 2702 2725 2695 2705 2727 2708 2706 3200 3229 2703 2677 2709 2731 3233 3763 3226 2693 2677 2700 13445 13396 3786 2531 2492 2988 3427 2494 2506 2481 3041 2480 2482 2482 2491 2489
[L] cuSPARSE
[D] 1269 1253 1331 1172 1265 1328 1250 1359 1283 1265 1244 1198 1275 1351 1353 1177 1331 1257 1247 1231 1682 1263 1200 1258 1168 1296 1333 1262 1337 1248 1275 1324 1242 1354 1326 1348 1614 1287 1173 1297 1261 1283 1326 1254 1293 1344 1245 1329 1248 1296 1282 1180 1254 1235 1281 1336 1172 1344 1186 1342 1441 1250 1259 1291 1185 1260 1183 1255 1332 1169 1194 1389 1256 1242 1262 1330 1242 1229 1636 1279 1305 1335 1236 1350 1330 1256 1307 1327 1243 1728 1340 1280 1280 1171 1246 1686 1357 1283 1222 1275
[L] sm_l2
[D] 1449 1484 1430 1424 1441 1454 1459 1435 1435 1461 1482 1480 1430 1458 1462 1434 1459 1453 1610 1454 1605 1823 1432 1536 1428 1561 1427 1462 1440 1439 1584 1446 1526 1460 1445 1588 1448 1599 1585 1455 1435 1551 1449 1436 1439 1457 1422 1452 1435 1425 1422 1419 1434 1430 1439 1429 1426 1430 1588 1477 1457 1433 1445 1424 1478 1454 1442 1430 1420 1432 1450 1501 1434 1433 1532 1439 1420 1454 1470 1425 1466 1442 1450 1463 1443 1445 1436 1435 1476 1463 1442 1449 1424 1432 1443 1426 1486 1464 1447 1541
[/DATA]
