[INFO]
experiment_name patents_main_companion
variable K
N 240547
M 240547
K 256
sparsity 0.99999
description Compare matrices with K=[32,128,256] for patents_main companion
runtime 73
n_warmup_iterations 15
sequence_number 3
[/INFO]
[DATA]
[L] Baseline
[D] 4902 4874 4898 4863 4922 4873 4794 4885 4914 4914 4909 4778 5582 4825 4934 4866 4880 4959 4864 5828 4931 4888 4977 4951 4931 4937 4954 4856 4929 4889 4812 4947 4878 4952 4888 4940 4858 4788 4891 4782 4907 4790 4868 4857 5165 4849 4936 4885 4812 4858 4824 4864 4897 4873 4932 4955 4885 4964 4821 4957 5187 4875 4901 4829 4936 4885 4844 4907 4864 4885 4883 4866 5861 4927 4856 4913 4839 4930 4892 4814 4904 4934 4868 4908 4900 4912 4894 4943 4935 4903 4939 4961 4929 5167 4926 5594 4965 4926 4917 4907 4936 4974 5002 4890 4975 4994 4973 4921 4980 5218 4885 4884 4728 4827 4879 4831 4897 4883 4829 4883 4925 4896 4920 4867 4871 4889 4909 5046 5035 5024 5078 5066 5469 5096 5217 5244 5252 5254 5224 5302 5285 5348 5270 5188 5173 5206 5185 5081 5194 5172 5230 5130 5150 5109 5120 5220 5208 5222 5181 4858 5192 4802 4876 4866 4886 4810 4849 4878 4864 4850 4894 4867 4792 4817 4886 4887 4930 4927 4959 4973 4773 4858 4967 4936 4908 4927 4880 5190 4913 4915 4759 5668 5036 5130 4791 5528 5066 4904 4886 4912
[L] cuSPARSE
[D] 2006 2047 1954 2045 2008 2043 2000 2017 2050 1953 2044 2010 2028 1977 2008 2016 1924 2101 2114 1965 2072 2024 1975 2241 2023 2028 1956 2019 2024 1983 1925 2010 2102 1933 2046 2021 1941 1872 2011 2026 1950 1879 2090 1968 2016 2016 2039 1956 2108 2026 1958 2110 2019 1975 1920 2073 2038 1943 2078 2108 2040 2036 2026 2022 1950 2024 2009 1957 2055 2022 2015 1938 2082 1951 2425 2061 2102 1984 2100 2008 2006 2094 2032 1900 2097 2016 1959 2029 2011 1955 2347 2037 2044 1981 1988 2042 2042 1949 2043 2034 1975 2000 2042 2044 1891 2016 2146 1986 2007 2051 2017 2031 2083 2034 1976 2012 2047 1982 1972 1966 2117 1978 2059 2045 1981 1965 2044 2037 1988 2043 1764 1872 2051 2150 2048 1944 2049 2288 1957 2074 2045 1986 1941 2039 2055 1945 2127 2038 2343 1960 2037 2042 1965 2050 2052 1975 1984 2045 2053 1962 2043 2056 2009 2079 2040 2034 2009 2116 2050 1973 1910 2015 1942 1956 2091 2048 1926 2021 1960 2007 2252 2085 1955 1933 2017 2021 1941 2064 1957 2014 1914 2023 2029 1938 1944 1964 2028 1945 1964 1984
[L] sm_l2
[D] 1857 1838 1858 1947 1847 1661 1845 1842 1839 1837 1820 1677 1690 1687 2302 1680 1662 1664 1676 1673 1676 1853 1770 1663 1699 1672 1824 1685 1707 1671 1767 1704 1713 1671 1767 1667 1666 1720 1762 1670 1705 1718 1801 1773 1725 1705 1699 1677 1666 1672 1766 1692 1674 1700 1803 1725 1686 1767 1793 1668 1727 1865 1855 1669 1936 1842 1816 1676 1841 1795 1821 1769 1818 1766 1670 1664 1675 1762 1935 1846 1841 1672 1842 1869 1691 1693 1848 1666 1675 1841 1836 1876 1758 1663 1850 1664 1764 1718 1719 1794 1704 1666 1700 1678 1669 1698 1767 1679 1669 1676 1700 1721 1739 1820 1682 1706 1720 1703 1685 1694 1765 1672 1705 1695 1699 1694 1699 1691 1698 1703 1678 1672 1889 1667 1681 2087 1666 1664 1665 1668 1690 1689 1701 1779 1669 1672 1665 1848 1681 1674 1834 1777 1664 1677 1875 1762 1674 1682 1689 1794 1689 1667 1667 1759 1683 1853 1663 1764 1666 1687 1788 1785 1672 1677 1663 1791 1718 1790 1698 1776 1689 1667 1664 1797 1823 1674 1665 1762 1680 1663 1675 1765 1670 1664 1665 1665 1698 1703 1731 1772
[/DATA]
