[INFO]
experiment_name patents_main_companion
variable K
N 240547
M 240547
K 256
sparsity 0.99999
description Compare matrices with K=[32,128,256] for patents_main companion
runtime 38
n_warmup_iterations 10
sequence_number 3
[/INFO]
[DATA]
[L] Baseline
[D] 4806 4817 4847 4820 4853 4774 4906 4904 4900 4903 4836 4851 4875 4797 4893 4852 4904 4849 5499 4831 4881 4866 4864 4833 5102 4786 4830 4817 4790 4800 4862 4836 4821 4883 4890 4798 4812 4812 4849 4872 4833 4837 4769 4841 4855 4860 4844 4877 4931 4814 4863 4879 4918 4846 4869 4917 4871 4831 4867 4871 4893 4876 4950 4880 4904 4877 4896 4831 4818 4917 4857 4907 4858 4861 4847 4887 4897 4860 4777 4836 4841 4887 4799 4823 4880 4778 4867 4826 4819 4897 4875 4834 4847 4809 4860 4860 4864 5092 4828 4862
[L] cuSPARSE
[D] 2020 1978 2057 2018 2347 1924 2015 2010 1981 1974 2101 2020 2008 2007 2005 2037 1991 2038 2059 1953 2007 2017 1935 2058 2089 1984 1951 2008 2009 1969 2011 2005 2010 1992 1963 2011 1975 1870 2014 1964 2005 2013 1988 1984 2014 2021 1927 1949 2010 1991 1951 2019 2011 1955 1880 2014 1937 2154 2008 1983 1956 2020 2088 1959 2015 2010 1977 1919 2018 2008 2065 2015 2092 1978 2053 2097 2064 2008 2041 2100 2044 2043 2004 1961 2015 2013 2017 2075 2050 2125 2035 1959 2089 2008 1968 2062 2017 1975 2001 2042
[L] sm_l2
[D] 1794 1678 1676 1676 1680 1687 1679 1794 1710 1703 1699 1682 1665 1678 1799 1678 1698 1712 1666 1709 1666 1773 1666 1703 1716 1697 1699 1666 1775 1843 1838 1676 1710 1823 1672 1763 1673 1668 1674 1666 1673 1669 1842 1838 1685 1695 1826 1838 1783 1844 1680 1678 1686 1686 1693 2163 1852 1675 1692 1665 1828 1695 1947 1674 1684 1681 1694 1700 1667 1762 1666 1688 1701 1750 1716 1685 1775 1693 1666 1702 1678 1700 1676 1666 1666 1737 1709 1704 1678 1676 1762 1666 1662 1671 1667 1700 1673 1671 1689 1875
[/DATA]
