[INFO]
experiment_name patents_main_companion
variable K
N 240547
M 240547
K 128
sparsity 0.99999
description Compare matrices with K=[32,128,256] for patents_main companion
runtime 54
n_warmup_iterations 15
sequence_number 2
[/INFO]
[DATA]
[L] Baseline
[D] 2564 2605 2863 2652 2811 2134 2279 2259 2558 2212 2253 2252 2276 2252 2682 2156 2206 2245 2612 2551 2261 2238 3058 2265 2229 2226 2247 2588 2629 2261 2265 2255 2281 2598 2268 2276 2559 2276 2178 2244 2246 2578 2603 2243 2216 2254 2171 2534 2517 2230 2248 2441 2434 2449 2597 2507 2520 2637 2763 3749 3312 2776 14611 13161 2194 2228 2254 2589 2852 2106 2243 2232 2250 2217 2660 2438 2219 2239 2258 2266 2867 2636 2257 2480 2529 2548 2733 2668 3211 2711 3970 2778 3346 2718 2852 2833 2856 2972 2846 13283 14806 2519 2511 2546 2879 2517 2536 2994 2518 2524 2587 2958 2539 2496 2504 3439 2682 2460 2916 13371 9445 2491 2547 3416 2575 2500 2985 2655 2539 2536 2535 2453 2543 2526 2519 2471 2502 2512 2489 13281 13388 2250 2239 2216 2222 2591 2893 2122 2215 2255 2248 2205 2244 2584 2567 2481 2251 2247 2220 2252 2518 2439 2619 2568 2686 3180 3307 2701 13241 13345 2552 2494 2613 2543 2520 2502 3037 3375 3138 3029 2473 2438 2588 3021 2561 2543 2510 2541 3411 13242 13141 15888 2480 2489 3439 2495 2494 2500 3012 2498
[L] cuSPARSE
[D] 1230 1220 1205 1565 1246 1182 1301 1273 1549 1335 1237 1271 1273 1252 1223 1232 1265 1165 1283 1334 1307 1708 1692 1338 1266 1340 1216 1589 1544 1259 1262 1170 1246 1344 1323 1262 1259 1238 1335 1191 1313 1201 1209 1241 1116 1174 1227 1195 1233 1338 1310 1365 1349 1335 1229 1279 1264 1220 1117 1158 1499 1309 1226 1296 1282 1212 1181 1239 1276 1248 1200 1325 1213 1205 1290 1144 1272 1612 1231 1212 1253 1139 1134 1190 1247 1228 1261 1253 1292 1268 1267 1262 1500 1615 1287 1526 1201 1731 1244 1306 1173 1259 1157 1267 1183 1213 1299 1224 1267 1266 1220 1234 1293 1645 1263 1282 1259 1247 1178 1256 1251 1209 1105 1232 1202 1302 1187 1299 1153 1240 1241 1215 1270 1241 1212 1594 1508 1203 1250 1256 1306 1268 1174 1325 1189 1254 1163 1249 1112 1349 1103 1208 1285 1214 1292 1325 1286 1365 1332 1197 1166 1384 1070 1204 1088 1195 1191 1247 1165 1268 1207 1319 1278 1433 1308 1302 1195 1200 1172 1208 1176 1277 1160 1292 1184 1238 1144 1313 1188 1313 1155 1232 1173 1241 1150 1286 1218 1282 1163 1256
[L] sm_l2
[D] 1584 1411 1577 1595 1585 1584 2114 1412 1442 1609 1446 2469 1579 1574 1580 1653 1587 1589 1383 1558 1583 1537 1604 1488 1472 1447 1388 1449 1423 1479 1433 1442 1447 1418 1455 1446 1409 1449 1410 1462 1479 1471 1497 1462 1414 1477 1485 1471 1461 1481 1463 1460 1462 1475 1452 1490 1418 1427 1455 1430 1432 1477 1444 1444 1456 1455 1422 1466 1425 1599 1578 1569 1403 1572 1593 1667 1608 1518 1419 1420 1573 1567 1596 1561 1401 1565 1567 1594 1406 2022 1597 1583 1569 1586 2084 1418 1579 1563 1600 1408 1418 1567 1580 1668 1573 1556 1572 1587 1579 1597 1580 2099 1416 1521 1428 1461 1481 1409 1449 1447 1570 1417 1432 1577 1428 1420 1436 1426 1519 1907 1481 1436 1436 1525 1466 1458 1421 1478 1448 1421 1417 1446 1449 1520 1481 1441 1418 1463 1541 1447 1429 1421 1418 1428 1419 1479 1450 1482 1542 1585 1573 1569 1577 1577 1593 1758 1579 1568 1547 1566 1580 1594 1676 1524 1600 1403 1580 1414 1607 1581 1417 1563 2031 1565 1603 1558 1398 1583 1567 1517 1548 1808 1600 1587 1583 1571 1604 1608 1569 1701
[/DATA]
