[INFO]
experiment_name patents_main_companion
variable K
N 240547
M 240547
K 32
sparsity 0.99999
description Compare matrices with K=[32,128,256] for patents_main companion
runtime 19
n_warmup_iterations 10
sequence_number 1
[/INFO]
[DATA]
[L] Baseline
[D] 628 600 621 587 628 616 622 636 625 627 637 596 634 641 581 630 597 613 621 589 641 607 614 594 631 570 630 636 597 624 619 630 629 584 932 635 592 636 609 592 636 625 596 593 599 591 626 594 603 602 628 631 621 569 573 573 574 583 575 577 584 592 587 576 577 589 579 586 595 589 579 578 575 576 572 580 593 592 578 583 576 583 595 576 575 584 576 584 3729 3446 3425 3459 3456 3578 3433 3393 3442 3459 3397 4282
[L] cuSPARSE
[D] 4088 3732 2471 2470 615 691 608 604 625 685 608 612 601 659 605 612 623 622 614 621 601 593 578 567 593 568 490 573 586 607 478 583 579 576 565 595 675 567 578 635 564 573 593 580 599 584 568 569 596 587 566 589 584 485 572 586 492 564 583 502 576 587 589 569 586 607 584 581 572 565 583 563 486 579 586 481 565 587 580 538 605 560 615 605 585 597 597 595 577 554 595 594 605 603 606 645 583 586 603 607
[L] sm_l2
[D] 477 492 472 313 499 490 498 506 503 510 509 476 520 476 509 477 507 501 574 483 481 483 510 483 488 503 323 496 512 586 368 480 511 479 321 501 484 508 342 490 634 486 514 382 404 381 520 340 375 305 332 393 362 481 364 380 395 321 389 339 379 510 473 387 372 366 350 366 365 386 366 472 362 372 389 342 367 377 366 364 362 340 362 363 374 371 363 381 359 347 390 382 365 390 365 307 332 503 303 385
[/DATA]
