[INFO]
experiment_name patents_companion
variable K
N 3774768
M 3774768
K 128
sparsity 0.999999
description Compare matrices with K=[32,128,256] for patents companion
runtime 143
n_warmup_iterations 5
sequence_number 2
[/INFO]
[DATA]
[L] Baseline
[D] 54237 54297 55177 55887 53993 54222 54266 54343 54211 55206 54133 54322 54212 54319 54297 54302 54248 54181 55485 54355 53986 54222 54261 54303 54995 54353 54270 53980 54147 54241
[L] cuSPARSE
[D] 16833 17051 17208 17401 16986 16868 18427 17212 17221 17125 17369 16923 17493 16899 17429 17148 17231 16916 17175 17129 17159 17193 16955 17138 17393 16878 16904 17104 17259 16876
[L] sm_l2
[D] 38201 38990 38054 38099 38047 39207 38104 38102 38080 38137 38068 38094 38051 38071 38208 38518 38215 38080 38084 37987 38072 38095 38057 38023 38071 39504 38050 38206 38211 38054
[/DATA]
