[INFO]
experiment_name patents_companion
variable K
N 3774768
M 3774768
K 256
sparsity 0.999999
description Compare matrices with K=[32,128,256] for patents companion
runtime 207
n_warmup_iterations 5
sequence_number 3
[/INFO]
[DATA]
[L] Baseline
[D] 115567 115582 116115 115095 116357 115547 115102 115361 115165 116239 115162 115804 114973 116700 115012 115188 115270 115348 115018 114750 114785 115325 115413 115374 117273 115218 116065 114674 115592 115611
[L] cuSPARSE
[D] 31571 31469 31577 31298 31543 31278 31369 31320 31613 31444 31236 31716 31487 31287 31590 31440 31740 31355 31151 31312 31424 31362 31381 31421 31161 31151 31147 31209 31133 31362
[L] sm_l2
[D] 50063 50027 50029 50051 50923 50172 50051 50172 50080 51525 50022 50031 50067 50929 50791 50779 50043 50067 50073 50048 50198 51988 50067 50055 50030 50074 50042 50039 50089 51093
[/DATA]
