[INFO]
experiment_name patents_companion
variable K
N 3774768
M 3774768
K 32
sparsity 0.999999
description Compare matrices with K=[32,128,256] for patents companion
runtime 84
n_warmup_iterations 5
sequence_number 1
[/INFO]
[DATA]
[L] Baseline
[D] 13771 13767 13587 13590 13726 13743 13772 15134 13656 13646 13737 13704 13752 13714 14588 13764 13748 13440 13714 13731 13741 13767 13759 13713 13713 13985 13744 13740 14265 13683
[L] cuSPARSE
[D] 8118 8248 7960 7894 7947 8028 8053 7866 7880 8334 8010 7969 8390 7871 7925 7994 8112 8245 7821 7919 7949 8098 8079 7907 8877 7990 8076 7980 8590 7844
[L] sm_l2
[D] 6733 6714 6733 6725 6797 6728 6735 6820 6768 6731 6820 6742 6738 6815 6713 6811 6728 6708 6813 7375 6742 6730 6922 6830 6722 6875 6807 6940 6878 6789
[/DATA]
