[INFO]
experiment_name imdb
variable K
N 428440
M 896308
K 128
sparsity 0.99999
description Compare matrices with K=[32,128,256] for IMDB data set
runtime 91
n_warmup_iterations 5
sequence_number 2
[/INFO]
[DATA]
[L] Baseline
[D] 10463 10398 10320 10381 10370 10361 10433 10550 11752 11778 11780 11665 11659 11654 13078 26216 10459 10491 10496 11431 12899 16804 10398 10400 10428 10757 12360 12371 12221 11818 11937 11930 11611 11603 10990 10997 11026 46419 10761 10684 10571 10992 12551 10755 11102 10710 10635 11839 14509 10539 10453 10456 10643 11273 12710 24139 10456 10534 10496 11512 12737 10259 10323 10263 10334 10865 12366 12068 12067 12062 11775 11689 11698 61639 10550 10559 10500 11231 12623 13300 46371 11657 10536 10778 10882 12561 12404 40597 10501 10507 10522 11135 12366 21900 10494 10575 10704 11238 12897 10905
[L] cuSPARSE
[D] 3618 3771 3586 3739 3743 3626 3784 3581 3778 3762 3679 3804 3663 3657 3792 3611 3690 3749 3686 3800 4228 3744 3659 3829 3719 3625 3787 3578 3813 3693 3851 3666 3679 3869 3616 3814 3690 3747 3553 3717 3865 4004 3826 3708 3851 3706 3936 3792 3518 3823 3592 3768 3623 3679 3883 3631 3771 3700 3577 3672 3544 3765 4100 3663 3260 3725 3587 3742 3582 3762 3762 3626 4212 3672 3611 3777 3586 3797 4103 3730 3773 3569 3584 3839 3717 3802 3760 3614 3783 3638 3719 4481 3685 3758 3751 3705 3801 3614 3870 3716
[L] sm_l2
[D] 8936 8766 8907 8915 9030 8907 8957 8922 8892 8919 8960 8955 8935 9005 8935 8767 8945 8917 9022 8752 8759 8927 8831 8838 8771 8784 8806 8820 8818 8799 8823 8808 8832 8801 8832 8824 8794 8799 8768 8779 8814 8824 8814 8781 8818 8827 8941 8926 8756 8770 8892 8921 8998 8756 8783 8921 8916 8871 8913 8781 8913 8897 8901 8913 8900 8921 9868 8763 8771 8909 8780 8895 8764 8796 8788 8777 8905 8786 8796 8756 8773 8897 8799 8761 8793 8817 8877 8778 8773 8800 8776 8886 8749 8766 8932 8936 9031 8903 8931 8922
[/DATA]
