[INFO]
experiment_name imdb
variable K
N 428440
M 896308
K 32
sparsity 0.99999
description Compare matrices with K=[32,128,256] for IMDB data set
runtime 68
n_warmup_iterations 5
sequence_number 1
[/INFO]
[DATA]
[L] Baseline
[D] 3029 2713 2290 3281 2651 2287 2285 2204 2327 2545 2294 14957 15037 15082 15071 15170 14980 15071 15124 15113 15097 15107 15087 15082 15036 15076 15082 14986 15080 15064 15014 15108 15045 15042 15034 15058 14934 14796 15042 14948 14720 15142 18768 15049 15010 16125 14776 15112 15102 14864 14924 15060 15074 15035 15017 14870 14910 16001 15095 15069 15156 15028 15066 15109 15061 14843 15161 15051 15037 14874 15005 14908 19734 15068 15082 15042 15041 14935 15129 15037 14962 14863 15024 15181 15080 15055 15017 14978 15056 15049 15020 15058 15004 14767 15009 15061 15118 15040 15047 15153
[L] cuSPARSE
[D] 2164 2040 2158 2157 2051 2564 2616 1667 1718 1716 2023 1713 1642 1706 1709 1639 1586 1551 1693 1986 1681 1862 1553 1623 2060 1585 1683 1723 1425 2003 1644 1627 1633 1616 1635 1638 1640 1936 1560 1656 1607 1550 1629 1487 1629 1622 1809 1607 1529 1546 1590 1591 1568 1568 1385 1581 1595 1540 1634 1486 1980 1625 1615 1648 1636 1526 1597 1556 1626 1630 1900 1635 1750 1499 1596 1578 1528 1497 1579 1571 1650 1498 1629 1641 1633 1543 1613 1573 1779 1632 1628 1558 1573 1795 1635 1546 1480 1644 2052 1596
[L] sm_l2
[D] 969 951 973 1119 1121 1111 1122 1105 1856 974 1126 1105 955 964 1118 1122 966 957 957 1103 1110 968 1179 978 1132 1114 1123 1118 1123 1678 1116 1103 1127 945 963 1102 957 951 962 953 962 1064 964 959 1097 980 1077 982 1061 985 956 937 985 986 952 979 999 953 1050 970 961 952 988 944 957 983 937 962 965 986 1061 1002 947 951 1104 959 1086 1184 1085 1082 941 1083 1092 953 1058 1121 1118 945 1084 1102 1067 1072 1117 1089 945 1093 1080 1121 1106 933
[/DATA]
