[INFO]
experiment_name imdb
variable K
N 428440
M 896308
K 256
sparsity 0.99999
description Compare matrices with K=[32,128,256] for IMDB data set
runtime 117
n_warmup_iterations 5
sequence_number 3
[/INFO]
[DATA]
[L] Baseline
[D] 22062 22366 22506 22605 22685 22560 22583 22392 22593 22230 22345 22483 22566 22553 22388 22551 22605 22513 22662 22595 22861 22268 22515 22612 22482 21637 22406 23889 26584 24402 22491 22393 22690 22214 22469 22328 22668 23900 22466 22549 22445 22592 22395 22451 22525 22632 22631 22467 22471 22521 22481 22587 22436 22559 22276 22645 21640 22514 24150 26913 24291 23007 22153 22230 22464 22260 22438 22575 22645 22397 22588 22550 22550 22626 22394 22593 22566 22497 22555 22581 22339 22065 22658 22659 22596 22621 22573 22543 22665 22629 23348 25690 25248 21725 22602 22605 22602 22430 22633 22622
[L] cuSPARSE
[D] 6653 6582 6695 7519 6755 6987 6624 6986 6726 6344 6706 6888 6652 6903 6611 6942 6625 6845 6578 7215 6669 6638 6725 6710 7192 6347 6800 6854 6744 6987 6772 6916 6688 6896 6609 6854 6606 6868 6685 6462 6881 6615 6878 6577 6886 6609 6740 6518 6898 6624 6845 6595 6765 6598 6860 6643 6791 6603 6717 6647 6755 6681 6748 7003 7288 6996 6722 7030 6540 7411 6892 6733 6678 6705 7008 6724 6951 6692 6508 7070 6729 7195 7030 6888 6643 6880 6590 6760 6614 6805 6631 6712 6632 6795 6600 6802 6623 6788 6643 6187
[L] sm_l2
[D] 9111 9069 9087 9095 9135 9129 9198 9225 9079 9212 9214 9200 9219 9312 9218 9046 9224 9222 9068 9228 9286 9202 9229 9303 9198 9079 9089 9192 9112 9105 9122 9074 9090 9095 9805 9112 9103 9102 9178 9105 9117 9098 9224 9234 9065 9826 9209 9056 9189 9296 9190 9069 10086 9081 9086 9068 9138 9198 9072 9075 9115 9041 9081 9061 9044 9073 9052 9139 9081 9054 9075 9144 9074 9066 9076 9173 9069 9053 9058 9074 9202 9216 9172 9222 9085 9050 9213 9239 9209 9273 9220 9077 9199 9214 9221 9085 9201 9066 9069 9114
[/DATA]
