[INFO]
experiment_name sparsity_small_K128
variable sparsity
N 10253
M 10253
K 128
sparsity 0.999
description Compare matrices with K=128 for varying sparsity on small dataset
runtime 11
n_warmup_iterations 10
sequence_number 3
[/INFO]
[DATA]
[L] Baseline
[D] 311 319 310 314 310 319 431 313 321 312 313 222 318 308 317 308 315 308 315 309 309 309 307 311 312 311 309 317 310 311 313 315 311 316 307 308 309 308 307 309 418 311 322 309 309 319 309 306 309 318 318 259 214 307 314 307 217 317 307 215 316 314 308 308 312 311 317 312 315 310 318 317 309 308 314 322 308 310 336 317 217 317 308 308 316 312 311 314 311 311 310 298 317 314 307 465 314 326 309 217
[L] cuSPARSE
[D] 96 99 109 108 277 109 109 212 109 108 109 109 195 108 201 106 109 108 109 105 192 109 196 95 108 109 109 191 204 108 109 108 109 109 162 195 208 109 109 108 109 109 207 199 109 106 109 108 107 106 196 193 108 95 105 109 109 108 191 95 108 96 108 108 110 207 204 108 108 108 109 108 78 169 102 104 104 94 155 188 103 104 105 105 91 102 298 180 103 104 105 104 105 105 228 208 120 119 119 120
[L] sm_l2
[D] 322 209 214 329 204 185 335 332 197 331 328 328 198 197 411 202 244 339 196 329 336 352 185 332 337 330 332 334 238 191 208 182 346 196 200 343 198 206 200 325 340 199 211 205 351 329 197 230 229 231 199 224 205 232 187 201 252 227 191 198 237 189 232 226 209 228 178 185 217 231 231 207 198 370 237 195 234 196 209 183 183 229 261 213 223 196 218 200 206 206 228 230 186 237 230 233 227 196 205 256
[/DATA]
