[INFO]
experiment_name sparsity_small_K128
variable sparsity
N 10253
M 10253
K 128
sparsity 0.99
description Compare matrices with K=128 for varying sparsity on small dataset
runtime 52
n_warmup_iterations 15
sequence_number 1
[/INFO]
[DATA]
[L] Baseline
[D] 1426 1428 1426 1424 1427 1426 1427 1713 1746 1422 1429 1428 1431 1391 1426 1427 1547 1424 1425 1393 1429 1427 1427 1396 1401 1400 1403 1391 1400 1415 1392 1401 1402 1391 1384 1404 1404 1401 1403 1400 1403 7586 4458 4315 4656 4921 5019 5063 5272 5397 5774 5737 6069 6437 6428 6692 9323 9984 10012 9643 9986 9607 10045 9530 10228 10233 9528 10257 9443 16834 9939 10141 18144 10454 10123 10687 10219 10771 18417 16735 10365 10477 10285 10448 10294 10133 18204 10340 10076 23724 10742 10314 10096 17957 10351 10557 10301 10407 10424 10090 10364 10100 18125 10089 10743 20912 10328 10159 10310 10107 10390 10103 20527 18546 10484 10105 10503 10110 10775 18091 10210 10119 17949 10302 10194 10279 10089 18020 10195 17945 10235 10521 10365 10157 10080 10278 10297 10298 10788 10331 10151 10329 10281 10807 10071 10677 10063 10676 10438 10063 10319 10127 10304 10803 10340 10064 10604 10105 10499 10104 17713 10279 18042 10311 10797 10312 10252 10368 10106 10820 10115 10459 10112 10343 10476 10274 10094 10376 10109 10487 10107 10491 10054 10096 10382 10151 10310 10146 10306 17989 10224 10760 10260 18359 10398 10066 10683 10751 10259 29843
[L] cuSPARSE
[D] 394 452 394 482 395 458 369 455 391 435 458 460 371 451 391 456 393 481 389 448 437 446 482 463 458 466 455 497 490 397 490 372 479 364 462 493 453 461 392 490 393 455 392 488 394 488 393 393 490 386 487 372 491 372 488 394 685 395 396 489 370 459 493 462 495 486 492 492 490 395 492 394 490 367 485 382 451 376 484 393 392 487 390 462 371 468 373 462 393 462 498 394 490 468 490 492 488 462 487 493 491 459 374 492 372 453 396 486 369 482 366 527 467 395 487 371 453 379 486 413 487 365 393 486 396 488 494 457 491 485 460 461 491 371 490 393 493 392 484 487 486 369 449 396 490 394 486 393 420 327 420 436 331 429 423 429 426 423 365 457 364 460 459 365 461 370 463 392 548 393 495 488 395 467 393 458 347 487 393 453 392 363 491 395 488 393 489 468 488 460 484 466 491 488 393 489 395 490 397 456
[L] sm_l2
[D] 702 696 727 794 680 669 679 673 681 670 680 671 673 743 780 678 668 662 737 694 692 679 675 696 1071 748 695 686 708 709 648 648 710 695 650 841 743 701 665 659 675 657 646 678 664 824 677 919 678 685 658 724 657 651 670 665 658 667 674 846 659 670 646 673 647 655 655 651 657 667 657 645 839 837 663 844 649 661 677 636 700 658 643 670 654 639 847 655 831 680 844 671 667 654 665 664 655 651 660 666 680 798 665 689 653 674 633 668 652 693 708 698 748 688 675 687 653 671 658 641 641 679 690 695 688 662 656 639 640 660 701 635 666 650 779 694 656 676 1299 655 674 668 661 643 709 742 668 864 668 654 824 650 649 833 837 660 740 653 646 853 647 657 666 825 815 656 860 794 669 675 663 660 838 656 647 834 650 850 818 668 826 819 648 670 799 823 825 815 990 775 811 832 824 818 659 833 809 817 847 837
[/DATA]
