[INFO]
experiment_name sparsity_small_K128
variable sparsity
N 10253
M 10253
K 128
sparsity 0.9999
description Compare matrices with K=128 for varying sparsity on small dataset
runtime 9
n_warmup_iterations 10
sequence_number 5
[/INFO]
[DATA]
[L] Baseline
[D] 98 100 99 95 99 97 187 101 100 98 99 197 102 99 97 99 100 104 101 95 100 99 221 99 98 102 100 95 104 101 99 99 95 101 98 100 99 98 292 103 100 99 100 100 104 101 100 98 100 183 108 101 102 101 105 102 99 100 100 95 198 103 100 100 100 100 193 100 100 100 99 193 195 100 100 99 105 102 102 95 96 100 103 151 101 99 100 228 102 96 101 96 101 101 100 101 98 101 100 96
[L] cuSPARSE
[D] 39 40 39 39 44 43 42 40 43 39 40 39 46 40 43 44 37 40 42 45 38 41 43 42 39 39 39 42 43 43 36 40 39 40 39 39 39 260 38 36 43 40 43 43 40 258 42 38 38 38 38 38 38 38 42 41 38 38 38 38 38 38 39 47 44 38 38 38 37 37 38 42 42 44 38 38 38 38 38 257 38 42 43 37 36 38 38 38 44 39 42 43 38 38 42 38 45 38 38 46
[L] sm_l2
[D] 292 144 141 275 279 162 316 144 289 285 279 129 139 243 279 276 278 284 149 276 289 287 278 271 354 304 279 147 297 274 149 131 144 148 145 141 130 143 281 144 148 145 145 255 146 150 283 280 145 130 278 144 130 128 255 191 153 159 167 156 178 154 132 143 137 130 155 173 144 127 181 172 147 175 149 132 177 131 132 150 144 130 130 179 165 154 171 242 148 181 132 131 177 130 165 130 179 131 194 294
[/DATA]
