[INFO]
experiment_name sparsity_small_K128
variable sparsity
N 10253
M 10253
K 128
sparsity 0.995
description Compare matrices with K=128 for varying sparsity on small dataset
runtime 34
n_warmup_iterations 15
sequence_number 2
[/INFO]
[DATA]
[L] Baseline
[D] 786 798 798 799 790 796 798 799 796 797 797 798 790 797 796 789 798 788 796 797 797 797 796 797 802 798 799 787 801 797 798 798 794 797 791 798 798 797 798 797 796 799 801 801 790 799 791 796 798 789 826 789 798 798 797 799 797 790 797 800 798 801 792 798 798 799 791 817 819 818 819 818 794 818 821 794 793 820 795 792 817 823 788 789 810 792 791 793 790 818 820 794 819 820 790 811 819 797 820 2451 2467 2598 2442 2486 2486 2485 2479 2753 2547 2557 2637 2617 2613 2766 2989 2712 2976 2846 2861 2895 2903 2917 2895 3050 3295 3092 3209 3166 3157 3261 3287 3252 6887 5068 5711 5153 5102 5843 5109 5102 5871 5184 5561 5221 5254 5201 5765 9797 5401 5229 5764 5231 5203 5928 5295 5258 5988 5325 5627 5259 5971 5160 5332 5839 5302 5359 5547 5356 5690 5359 5318 6255 5421 5360 5342 6013 5367 7208 5421 5419 6157 5434 5377 6150 5439 8500 5403 6141 5426 5350 6075 5465 5776 5492 5450 6172 5472 5427 6255 5459
[L] cuSPARSE
[D] 3927 3565 3604 330 238 331 216 215 329 238 238 371 239 215 352 238 217 335 334 238 335 334 236 241 337 239 333 332 217 272 301 306 239 344 334 216 338 329 239 337 238 334 312 216 238 305 239 331 312 237 332 305 238 237 311 238 210 314 238 238 331 337 240 338 239 208 214 331 238 236 329 236 237 312 310 216 336 334 239 336 336 239 334 302 238 335 333 236 337 612 334 337 239 301 315 214 333 335 237 334 312 238 333 304 213 237 305 205 314 330 216 237 333 237 236 331 238 217 330 217 239 269 173 300 267 178 271 174 267 205 210 303 210 211 451 303 337 237 334 337 211 336 310 211 330 337 238 621 335 238 216 311 239 216 299 236 239 341 309 238 217 338 216 209 331 239 238 268 237 243 238 334 216 237 334 239 238 309 238 211 308 216 236 216 335 335 236 334 336 217 332 325 216 214 335 237 239 319 236 237
[L] sm_l2
[D] 538 434 424 543 546 540 560 432 548 549 587 596 521 545 541 571 542 541 431 460 441 444 423 440 390 416 449 428 450 440 419 436 406 578 440 454 392 393 438 425 431 441 426 437 443 441 466 532 430 418 435 436 418 438 435 398 390 437 444 506 450 418 419 437 421 421 443 451 432 454 428 466 395 442 460 405 445 438 413 434 448 457 572 451 395 545 547 400 560 409 405 562 568 548 663 511 418 401 566 569 543 536 568 563 557 562 396 413 422 407 538 406 559 547 390 583 557 544 655 422 560 570 589 583 535 532 405 403 406 592 541 421 402 403 541 572 558 404 400 541 538 598 534 419 434 438 422 408 433 435 447 447 432 408 530 434 425 429 432 436 445 409 407 435 484 473 534 422 444 411 441 430 398 390 448 446 437 404 430 396 435 386 405 431 389 438 405 428 403 438 439 389 441 429 439 403 433 440 389 550
[/DATA]
