[INFO]
experiment_name sparsity_small_K128
variable sparsity
N 10253
M 10253
K 128
sparsity 0.9995
description Compare matrices with K=128 for varying sparsity on small dataset
runtime 10
n_warmup_iterations 10
sequence_number 4
[/INFO]
[DATA]
[L] Baseline
[D] 169 267 164 264 265 262 272 166 266 165 264 169 164 263 166 264 167 362 262 163 263 164 266 264 262 263 165 266 269 263 263 267 264 261 167 264 265 268 269 167 265 166 263 262 166 267 172 270 164 266 270 163 268 165 271 169 171 263 166 262 168 164 268 166 268 174 267 166 169 263 165 262 267 355 264 164 267 265 400 268 168 271 173 262 167 165 269 165 264 170 268 173 170 264 167 266 169 168 264 174
[L] cuSPARSE
[D] 257 201 101 105 184 82 74 155 174 164 79 79 77 445 172 81 175 102 80 80 102 174 81 80 102 81 101 102 323 176 101 101 102 80 101 101 170 177 80 101 101 101 81 202 167 80 80 101 101 101 101 174 101 101 81 102 101 101 302 199 80 80 101 81 101 80 170 80 101 101 101 101 87 170 101 80 101 80 102 102 372 101 80 101 81 97 101 81 171 74 80 80 81 101 101 174 101 101 101 82
[L] sm_l2
[D] 154 169 153 170 170 307 302 297 345 169 156 167 153 301 332 170 307 301 152 154 168 170 221 156 171 168 169 170 308 321 169 169 170 152 170 191 170 169 170 166 173 174 308 319 196 308 167 202 157 206 170 166 201 167 153 172 168 167 168 202 188 154 169 171 306 172 162 181 184 155 168 153 236 203 155 167 169 153 303 166 276 188 173 206 168 212 157 156 172 151 206 148 184 294 147 178 170 151 198 195
[/DATA]
