[INFO]
experiment_name sparsity_small_K128
variable sparsity
N 10253
M 10253
K 128
sparsity 0.99
description Compare matrices with K=128 for varying sparsity on small dataset
runtime 28
n_warmup_iterations 10
sequence_number 1
[/INFO]
[DATA]
[L] Baseline
[D] 1426 1426 1431 1430 1424 1687 1393 1425 1396 1391 1424 1427 1424 1424 1424 1425 1424 1426 1425 1426 1425 1393 1424 1428 1425 1428 1395 1397 1395 1401 1403 1401 1400 1413 1402 1405 1402 1400 1684 1403 1405 1402 1395 1403 4644 4559 4534 4919 4912 5073 5414 5578 5770 8753 6171 6437 12572 10035 9327 10118 9460 10013 10152 10210 10299 9480 10339 9721 9625 10283 10482 10147 10336 10840 20141 20951 15045 10095 10308 10788 10429 10377 10090 10120 10644 10063 10345 10469 12890 10389 10316 10064 20257 10388 10095 15056 10379 10327 10413 12341
[L] cuSPARSE
[D] 4527 25087 2664 364 467 360 370 469 450 375 467 460 455 462 474 471 462 458 551 456 468 467 380 460 371 465 364 464 461 468 468 471 472 458 471 459 467 471 457 470 378 461 370 462 369 464 387 457 376 458 371 431 456 461 466 462 472 455 367 465 460 473 462 466 524 462 376 466 366 457 460 466 471 366 462 460 367 467 460 374 468 365 466 367 457 378 457 359 465 364 465 374 626 468 376 458 470 456 469 457
[L] sm_l2
[D] 720 672 822 656 676 679 672 670 800 658 823 697 830 820 823 661 846 669 670 809 676 659 680 796 681 819 831 680 815 805 835 671 837 661 643 823 828 660 675 830 844 772 655 821 825 641 674 772 691 829 688 698 653 655 664 653 660 635 722 671 696 694 699 656 644 664 710 689 692 685 666 712 646 699 646 692 705 675 695 692 690 656 650 699 684 692 699 662 707 718 697 665 697 722 692 702 650 713 708 656
[/DATA]
