[INFO]
experiment_name sparsity_small_K128
variable sparsity
N 10253
M 10253
K 128
sparsity 0.9995
description Compare matrices with K=128 for varying sparsity on small dataset
runtime 19
n_warmup_iterations 15
sequence_number 4
[/INFO]
[DATA]
[L] Baseline
[D] 268 269 165 265 267 266 266 271 262 267 194 317 265 268 264 416 267 168 293 188 297 169 351 267 170 289 190 290 165 290 187 282 289 326 290 185 260 165 292 289 293 296 291 289 291 296 290 185 292 292 265 266 289 292 165 292 166 265 187 291 166 170 290 167 290 170 290 190 288 168 167 293 187 291 158 288 189 188 267 192 291 268 288 291 169 291 160 287 192 420 193 187 291 190 263 188 289 190 168 290 187 290 190 265 167 189 266 166 265 165 290 189 286 290 168 291 292 265 287 287 267 166 263 189 292 168 264 191 196 263 189 290 167 272 274 269 290 164 291 185 291 169 262 191 168 266 191 291 266 289 292 406 292 171 262 168 265 168 265 170 165 290 170 261 169 263 168 166 290 171 266 200 262 167 186 261 170 289 165 262 165 164 350 188 290 266 289 291 288 264 190 264 166 294 165 286 192 168 290 164
[L] cuSPARSE
[D] 78 72 72 182 72 78 78 78 78 79 179 79 78 78 79 79 106 71 182 78 78 81 79 78 78 180 71 78 82 78 79 79 66 180 78 174 75 81 81 79 171 82 178 78 79 90 73 201 176 176 78 78 79 79 79 200 176 80 79 79 72 79 179 215 78 73 74 79 74 74 184 89 73 82 79 78 78 182 79 79 79 79 73 82 79 170 81 100 79 100 78 82 171 72 79 78 74 72 83 209 175 72 83 79 73 80 180 179 79 79 79 79 79 78 172 81 78 78 75 76 82 176 180 74 83 81 72 84 179 181 79 79 79 79 79 190 176 73 81 182 73 81 79 178 78 73 159 78 74 191 186 148 168 69 69 80 78 166 69 171 75 75 76 75 166 74 166 76 69 78 74 75 185 80 74 69 70 78 70 307 172 75 74 70 79 75 75 139 76 75 69 81 69 80 72 167 74 69 80 74
[L] sm_l2
[D] 315 313 310 176 329 316 326 170 322 303 309 302 301 170 370 296 157 173 301 348 203 302 199 189 209 207 192 206 159 204 162 167 195 170 173 172 225 204 171 201 195 163 199 171 191 173 201 193 177 201 153 170 204 205 157 238 172 171 184 179 169 208 171 172 195 199 170 172 202 199 201 190 174 205 181 200 170 201 200 232 157 201 202 177 169 212 202 177 301 177 309 308 178 173 174 189 172 171 155 323 170 177 168 170 332 157 341 167 169 173 169 189 192 170 171 170 314 270 157 174 305 303 173 189 166 169 305 190 302 718 298 179 156 305 190 170 307 171 302 304 170 303 313 158 169 154 197 304 301 312 155 178 192 174 157 203 155 204 167 173 173 206 204 169 198 202 201 211 256 161 167 177 198 176 168 226 174 231 158 218 169 164 179 175 170 170 169 169 169 170 189 225 170 203 161 157 158 158 168 171
[/DATA]
