[INFO]
experiment_name sparsity_small_K128
variable sparsity
N 10253
M 10253
K 128
sparsity 0.9999
description Compare matrices with K=128 for varying sparsity on small dataset
runtime 18
n_warmup_iterations 15
sequence_number 5
[/INFO]
[DATA]
[L] Baseline
[D] 99 99 337 100 99 100 99 99 108 103 99 99 99 102 99 102 100 99 196 96 191 99 99 192 100 98 95 100 95 99 99 101 101 99 99 99 99 102 99 198 100 100 99 101 111 100 100 99 231 99 100 99 99 99 102 104 99 101 99 101 197 100 101 99 99 194 102 99 101 99 100 95 100 101 95 95 221 97 99 99 99 99 194 98 100 100 100 97 106 100 99 99 197 100 103 99 100 101 98 99 99 99 99 102 101 104 100 99 100 100 291 100 100 316 100 100 98 99 99 98 100 100 102 100 102 102 100 257 97 103 97 105 107 98 98 99 100 102 106 99 100 100 492 102 100 99 99 99 97 100 99 100 100 185 92 94 92 100 108 98 100 101 99 95 197 102 100 100 100 97 99 99 99 99 100 100 103 99 99 100 97 99 100 100 103 101 99 104 101 99 99 99 193 94 98 100 99 99 101 100
[L] cuSPARSE
[D] 39 43 48 248 40 39 43 43 48 48 39 40 45 39 43 39 39 39 39 45 46 46 36 39 40 39 38 40 40 41 43 39 39 44 42 39 43 46 44 39 39 42 39 39 39 43 43 36 42 43 38 43 39 39 45 41 43 43 39 39 39 43 39 266 44 38 43 43 39 39 39 38 40 43 43 39 42 39 36 39 46 39 42 39 38 38 39 39 39 39 43 39 39 43 40 38 39 279 42 39 43 43 37 39 39 39 43 35 36 36 39 36 37 35 38 40 35 34 39 35 36 36 35 242 42 36 42 35 35 36 36 36 43 42 35 36 35 36 36 35 36 37 42 39 36 35 35 35 40 35 40 40 35 36 36 35 35 36 33 44 36 36 36 36 35 36 35 45 43 36 36 36 35 35 36 35 35 149 36 35 36 36 35 36 36 39 41 34 36 36 36 36 41 35 36 42 36 36 36 38
[L] sm_l2
[D] 164 307 295 300 131 289 306 145 275 133 141 136 159 278 144 280 286 162 161 280 181 296 152 137 291 144 279 301 278 281 275 275 302 625 285 161 282 282 277 279 282 277 164 338 299 283 283 238 135 306 288 206 279 181 175 146 145 184 175 151 251 153 153 149 151 181 145 132 179 170 152 181 177 237 132 200 187 176 177 152 153 174 181 203 158 154 229 133 176 183 208 130 150 164 173 155 174 175 161 242 131 134 129 173 177 177 152 178 174 174 164 178 286 160 173 180 183 187 172 191 150 286 277 151 152 260 150 252 144 282 277 306 163 304 291 134 143 261 220 153 143 143 152 286 303 288 279 281 186 149 603 248 129 132 150 278 281 174 159 144 282 276 132 148 276 153 314 144 277 279 298 158 286 147 142 285 197 250 156 144 277 310 309 287 286 152 277 276 276 152 210 200 150 177 146 146 165 178 143 147
[/DATA]
