[INFO]
experiment_name sparsity_small_K128
variable sparsity
N 10253
M 10253
K 128
sparsity 0.999
description Compare matrices with K=128 for varying sparsity on small dataset
runtime 20
n_warmup_iterations 15
sequence_number 3
[/INFO]
[DATA]
[L] Baseline
[D] 322 214 308 317 308 311 315 315 308 316 316 318 311 309 312 307 314 349 315 313 339 336 336 336 356 313 310 338 410 337 337 311 336 339 338 337 279 339 330 308 406 216 338 335 332 238 335 313 335 239 336 336 336 337 341 342 304 239 339 336 311 310 238 335 337 334 215 338 338 338 338 310 338 414 317 217 340 343 337 335 215 336 335 308 241 337 335 338 241 341 338 312 340 339 315 338 344 238 338 312 336 223 335 337 335 238 338 335 337 330 340 340 312 311 337 314 337 311 217 339 335 336 239 335 312 334 239 336 337 338 326 338 340 340 337 238 339 340 335 216 335 337 337 216 308 308 524 449 312 341 337 336 314 315 340 340 215 336 336 336 394 320 336 311 460 239 324 338 334 314 339 338 334 339 312 337 308 289 339 338 309 239 329 338 336 342 311 302 337 340 313 339 339 336 241 338 336 336 238 337
[L] cuSPARSE
[D] 101 220 95 121 122 95 101 102 220 102 101 224 101 101 122 221 123 212 102 122 95 460 192 120 225 96 121 96 95 221 223 101 95 100 101 95 221 204 101 101 122 122 95 283 97 129 100 102 122 298 198 100 122 122 101 101 201 196 121 101 122 101 101 123 222 95 122 122 122 123 112 200 125 122 122 123 128 123 201 97 122 101 95 121 100 220 101 122 123 102 105 101 220 94 121 101 122 98 101 191 96 122 123 122 122 100 218 101 122 101 97 93 91 196 192 195 122 122 186 221 122 224 97 122 101 122 194 122 92 122 123 122 227 222 122 101 95 122 122 215 212 165 98 98 98 190 213 98 119 118 119 119 246 213 98 123 98 98 369 119 94 97 118 119 92 94 182 120 92 96 118 119 118 185 119 119 118 119 119 94 181 119 98 118 119 119 92 187 119 119 98 119 98 119 184 119 119 119 118 95
[L] sm_l2
[D] 187 327 195 232 359 342 227 229 251 209 226 342 312 209 199 386 199 221 229 235 206 228 233 205 324 212 184 198 228 228 198 252 259 228 224 229 231 232 187 185 232 227 196 256 197 250 237 231 199 252 251 184 201 195 198 229 227 229 258 199 229 241 241 263 186 205 208 228 226 221 198 229 330 183 197 204 325 183 330 335 328 379 197 330 196 196 368 328 330 218 273 201 197 184 192 203 332 184 205 199 183 204 207 200 329 238 244 206 213 183 198 195 191 754 316 185 199 358 182 350 213 341 218 202 215 203 205 184 196 184 336 182 185 198 327 217 350 199 184 332 204 218 205 214 227 228 233 196 230 234 246 203 224 186 220 238 204 231 196 195 214 229 182 181 201 246 219 205 228 216 230 197 198 199 198 206 254 303 194 220 210 195 205 186 196 199 214 196 216 234 207 202 204 199 228 216 196 211 200 183
[/DATA]
