[INFO]
experiment_name sparsity_small_K128
variable sparsity
N 10253
M 10253
K 128
sparsity 0.995
description Compare matrices with K=128 for varying sparsity on small dataset
runtime 18
n_warmup_iterations 10
sequence_number 2
[/INFO]
[DATA]
[L] Baseline
[D] 821 821 820 822 819 817 788 796 818 819 819 819 820 818 793 816 791 817 819 820 794 793 819 785 817 826 819 819 819 812 816 791 1196 811 818 821 820 817 817 819 792 817 821 816 793 791 818 819 802 820 818 819 819 826 817 821 798 817 819 792 818 820 818 817 820 821 819 819 819 821 817 790 799 789 800 800 792 798 799 796 798 800 792 791 802 799 799 799 799 788 791 798 2512 2501 2499 2503 2535 2539 2568 2722
[L] cuSPARSE
[D] 1612 1582 1612 6238 1603 1584 1591 3027 4856 1621 1602 1284 1610 1280 1612 3758 1305 1598 1283 1484 5610 1294 1580 1540 1705 1559 1603 1594 1552 1588 1529 8542 1522 1563 1513 3410 5792 1557 1621 1578 706 232 227 325 227 227 227 321 227 227 311 228 226 218 320 228 227 323 226 227 280 321 225 324 227 234 313 226 217 321 227 228 329 318 227 227 322 322 227 322 322 227 314 317 229 313 325 219 221 323 229 227 316 220 227 315 226 227 333 219
[L] sm_l2
[D] 445 540 570 440 545 547 542 539 434 416 416 403 407 403 467 398 546 403 541 554 561 582 518 538 405 551 430 557 383 549 412 541 483 393 549 547 551 427 423 428 399 509 546 766 426 541 540 556 546 448 556 406 409 406 406 440 418 425 546 540 414 397 422 447 403 417 403 444 454 427 427 443 393 395 434 420 412 385 798 438 402 435 390 460 394 412 404 474 381 405 400 404 437 403 434 389 396 418 420 419
[/DATA]
