[INFO]
experiment_name patents_main
variable K
N 240547
M 240547
K 128
sparsity 0.99999
description Compare matrices with K=[32,128,256] for patents_main data set
runtime 27
n_warmup_iterations 5
sequence_number 2
[/INFO]
[DATA]
[L] Baseline
[D] 1648 1408 1430 1431 1420 1418 1418 1446 1459 1293 1433 1400 1437 1462 1425 1378 1469 1414 1481 1479 1451 1447 1449 1441 1390 1455 1440 1392 1495 1425 1509 1422 1337 1439 1425 1420 1445 1418 1389 1433 1422 1448 1475 1451 1455 1478 1514 1429 1478 1455 1793 1799 1785 1366 1354 1412 1427 2156 1289 1463 1429 1345 1432 1457 1455 1495 1478 1545 1546 1591 1563 1602 1671 1711 9232 9508 10264 1663 1651 1646 2237 2068 2060 1635 1644 1610 1733 2148 1606 1610 1695 1630 1632 2095 2049 1577 1643 1649 1649 1683
[L] cuSPARSE
[D] 1765 1469 1179 1166 1163 1164 1237 1167 1186 1194 1205 1191 1190 1193 1189 1052 1140 1114 1110 1197 1554 1186 1191 1201 1204 1098 1166 1176 1193 1175 1119 1022 1187 1201 1114 1115 1115 1205 1188 1114 1192 1182 1116 1138 1119 1114 1145 1191 1065 1133 1186 1108 1190 1111 1609 1429 1192 1135 1118 985 1165 1112 1192 1096 1193 1114 1198 1119 1196 1114 1173 1189 1136 1193 1101 1195 1186 1190 1160 1050 1183 1456 1146 1146 1164 1170 1472 1096 1194 1182 1093 1154 1561 1184 1043 1113 1140 1090 1212 1194
[L] sm_l2
[D] 861 897 880 906 872 861 935 922 884 878 859 990 900 885 909 864 896 896 905 901 863 870 895 864 909 875 892 916 892 869 890 864 871 905 899 959 1020 897 915 892 897 877 864 1027 862 998 1009 1033 1025 883 1026 1036 1023 1038 867 990 1029 1009 1008 1019 1031 1020 1023 986 1146 1031 861 1023 990 1013 1032 984 994 972 1027 998 1043 1033 1028 1011 1016 1016 1045 1026 871 1013 1008 1018 894 862 898 867 913 881 919 864 894 904 894 988
[/DATA]
