[INFO]
experiment_name patents_main
variable K
N 240547
M 240547
K 256
sparsity 0.99999
description Compare matrices with K=[32,128,256] for patents_main data set
runtime 37
n_warmup_iterations 5
sequence_number 3
[/INFO]
[DATA]
[L] Baseline
[D] 3760 3778 3743 3774 3758 3738 3798 3769 3763 3699 3724 3750 3767 3768 3738 3765 3723 3798 3752 3815 3748 3790 3787 3745 3783 3769 3815 3758 3709 3789 3799 3819 3816 3776 3782 3752 3794 3772 3777 3797 3788 3811 3826 3774 3826 3782 3787 3825 3863 3911 3887 3912 3993 3988 3935 4052 4124 4053 4114 4142 4064 4023 4039 3719 3721 3756 3764 3708 3658 3735 4448 3693 3747 3744 3717 3729 3716 3975 3934 3899 3968 3707 3694 3689 3706 3675 3730 3703 3748 3747 3706 3798 3705 3745 3723 3789 3756 3772 3754 3804
[L] cuSPARSE
[D] 2212 1746 1923 1856 1689 1844 1862 1786 1739 1942 1843 1764 1903 1945 2004 1847 1865 1852 1760 1819 1810 1849 1805 1847 1851 1747 1890 1845 1774 1752 1816 1860 1747 1847 1846 1777 1815 1876 1815 1818 1864 1810 1764 1809 1818 1801 1818 1812 1930 1789 1888 1946 1786 1731 1964 1853 1764 1866 1815 1790 1706 1889 1871 1831 1946 1844 1771 1770 1752 1812 1975 2200 1814 1748 1787 1820 1762 1766 1819 1816 1735 1739 1821 1799 1804 1909 1891 1809 1811 1903 1842 1722 1828 1938 1841 1765 1819 1818 1818 1750
[L] sm_l2
[D] 1338 1567 1337 1538 1516 1482 1522 1540 1528 1527 1591 1512 1345 1519 1369 1547 1532 1622 1515 1484 1548 1540 1502 1523 1535 1507 1508 1360 1509 1519 1611 1516 1529 1396 1393 1344 1365 1801 1397 1367 1373 1405 1383 1385 1370 1378 1370 1372 1343 1365 1371 1395 1364 1401 1364 1388 1375 1327 1365 1358 1389 1375 1384 1368 1367 1337 1465 1359 1406 1514 1332 1332 1372 1435 1527 1511 1333 1511 1519 1368 1457 1525 1516 1520 1520 1528 1543 1537 1499 1518 1347 1510 1547 1359 1340 1535 1523 1496 1546 1354
[/DATA]
