[INFO]
experiment_name patents_main
variable K
N 240547
M 240547
K 32
sparsity 0.99999
description Compare matrices with K=[32,128,256] for patents_main data set
runtime 18
n_warmup_iterations 5
sequence_number 1
[/INFO]
[DATA]
[L] Baseline
[D] 418 420 380 378 418 385 379 419 420 420 400 365 421 417 418 418 421 417 419 380 372 413 412 420 422 418 419 379 420 377 416 373 366 378 418 385 384 377 419 417 419 369 419 417 371 419 421 417 418 419 418 419 424 377 424 421 380 420 381 418 373 371 368 365 368 370 368 365 366 366 379 377 367 365 379 366 369 366 366 365 380 372 365 1989 1991 2237 1993 1992 1996 1986 1999 2002 2119 2062 2059 2064 2476 3306 3167 6456
[L] cuSPARSE
[D] 1942 5784 1725 8347 1996 6022 568 461 419 562 573 616 550 532 566 581 568 552 565 561 550 565 567 506 530 501 528 512 527 522 530 434 503 534 526 511 528 499 544 512 528 526 498 685 507 494 504 520 516 652 434 525 546 409 511 523 416 507 528 427 542 523 554 418 497 525 514 538 530 508 520 502 410 522 520 502 500 551 683 427 510 515 431 513 523 431 540 530 515 524 518 568 506 527 536 452 540 519 430 526
[L] sm_l2
[D] 454 448 457 299 470 455 450 450 453 448 452 452 440 309 440 458 566 461 481 464 466 438 477 458 283 458 442 467 453 460 284 468 465 460 442 459 445 456 464 314 459 458 464 455 469 453 461 276 418 446 462 452 444 275 447 273 335 262 276 316 351 340 339 333 279 331 366 264 348 331 474 311 333 315 350 332 345 305 314 326 335 323 334 307 308 281 326 340 315 256 344 273 311 260 262 318 347 450 271 306
[/DATA]
