[INFO]
experiment_name sparsity_large_K32
variable sparsity
N 102539
M 102539
K 32
sparsity 0.99
description Compare matrices with K=32 for varying sparsity on large dataset
runtime 509
n_warmup_iterations 5
sequence_number 1
[/INFO]
[DATA]
[L] Baseline
[D] 35944 36460 35914 36361 35923 37234 35925 35926 37241 36858 35922 36047 35908 36201 36419 37039 35829 35952 36425 36385 35918 36178 36397 35910 36247 35963 35917 36335 37089 36386
[L] cuSPARSE
[D] 19138 19231 19220 19238 19530 19214 19199 19137 19220 19165 19169 19158 19197 19220 19234 19191 19246 19217 19235 19140 18878 19166 19212 19194 19191 19188 19204 19186 19222 19164
[L] sm_l2
[D] 8262 8653 8253 8414 8432 8301 8432 8306 8324 8277 8322 8299 8422 8429 8420 8295 8318 8333 8300 8430 8436 8410 8419 8346 8322 8305 8316 8422 8912 8415
[/DATA]
