[INFO]
experiment_name sparsity_large_K32
variable sparsity
N 102539
M 102539
K 32
sparsity 0.9995
description Compare matrices with K=32 for varying sparsity on large dataset
runtime 31
n_warmup_iterations 5
sequence_number 4
[/INFO]
[DATA]
[L] Baseline
[D] 2046 2055 2054 2054 2024 2061 2056 16753 16776 39609 16822 20530 39451 39594 16884 16826 39619 16877 16852 39557 40061 16813 16831 16791 40238 40149 39608 39646 16750 19469
[L] cuSPARSE
[D] 11965 1731 1721 1731 1725 1698 1693 2403 2593 1717 2350 1712 1700 1701 1727 1729 1722 1716 1750 1697 2354 1703 1729 1726 1708 1726 1727 1705 1695 1727
[L] sm_l2
[D] 835 847 853 842 820 853 831 860 851 856 847 851 839 848 852 848 847 834 799 828 799 826 798 846 800 803 849 817 802 925
[/DATA]
