[INFO]
experiment_name Cache experiment [Release]
tile_size_row 50
tile_size_inner 30
tile_size_col 60
x_num_row 512
xy_num_inner 512
y_num_col 512
n_experiment_iterations 50
[/INFO]
[DATA]
[L] tiled_mat_mult [f] ts[4],[512,512,512]
[D] 148998 147656 149500 152450 150987 156590 158210 151749 153297 150144 150741 149561 150121 150864 150732 151094 154774 158012 149577 151708 151022 148369 147864 148485 149212 148231 147970 148022 148238 148317 149251 148079 148023 147792 147309 147363 147116 146861 146977 148568 150821 147214 146977 148160 155162 153948 151725 153222 152211 155818
[L] tiled_mat_mult [f] ts[8],[512,512,512]
[D] 106675 106062 105971 109856 102229 117719 110517 111858 112690 100502 99588 101744 101633 101798 102245 101852 101802 101742 102150 103647 103858 103877 102222 101779 104027 102180 102024 101868 101956 102083 102188 102165 102443 102794 103696 104377 103681 105057 104663 105069 108876 105468 104925 105002 105072 104945 104240 103381 104514 112811
[L] tiled_mat_mult [f] ts[16],[512,512,512]
[D] 82117 82038 82201 83744 86364 86505 86437 86690 86456 86553 86483 87194 86384 86404 87487 87154 87337 87106 87042 87392 87035 87106 87284 87047 87093 87079 87015 87358 87086 87085 86452 86159 86382 86438 86085 86060 86336 86580 86242 86317 86148 86198 86344 86134 86165 86147 86021 86178 86246 86182
[L] tiled_mat_mult [f] ts[32],[512,512,512]
[D] 195973 196050 195968 196069 195987 196280 196377 196415 196506 196340 196292 196336 196293 196358 196295 196252 196294 196161 196399 196521 196029 196106 196070 195759 195898 196003 196052 196023 195989 196093 196115 195847 196002 198439 198529 198478 198811 198112 198039 199363 199310 199357 199238 199037 199062 198997 199050 198891 199097 199020
[L] tiled_mat_mult [f] ts[64],[512,512,512]
[D] 234477 232776 234120 234271 234326 237128 236725 236701 237164 237804 236540 237983 237964 237967 237977 238038 237935 237771 237907 237766 237957 237373 237913 237389 238026 237849 242100 238557 237904 238005 236247 231390 231248 231645 232086 229778 232249 232827 232796 231753 232370 231486 232130 232363 234614 199292 232149 232241 212721 209544
[L] tiled_mat_mult [f] ts[128],[512,512,512]
[D] 220482 230256 230043 219952 220460 219731 230981 230045 229900 222960 220596 220668 220641 220851 218858 219463 219510 220062 219758 219572 219796 219419 220306 220912 221423 219378 220107 219630 219941 225852 220053 219908 221550 221503 221162 220622 221091 220977 221149 220990 221044 220401 220236 220737 221244 221365 221030 221360 221289 221306
[L] tiled_mat_mult [f] ts[256],[512,512,512]
[D] 279595 285511 283485 278060 277854 278066 278005 278091 277840 277992 280421 285652 285561 285606 285519 285265 285450 285264 285118 284664 277665 277735 277631 277835 281481 285554 285788 285846 285112 285168 285245 277915 277856 278046 277935 277847 277747 277830 277975 277891 277803 278026 277892 277960 277765 277750 277771 283739 285920 285859
[L] tiled_mat_mult [f] ts[512],[512,512,512]
[D] 292841 292848 292686 292846 292742 293643 293661 298287 299146 298127 294651 295250 294206 301489 297392 299533 302817 302145 295940 292558 293156 293530 297070 292498 293622 293536 294396 295536 293828 292116 294590 294331 295293 293862 295566 294104 296365 295416 294582 294433 296836 295140 294142 293435 298245 294353 294477 295296 295618 294394
[/DATA]
