[INFO]
experiment_name Cache experiment [Release]
tile_size_row 50
tile_size_inner 30
tile_size_col 60
x_num_row 512
xy_num_inner 512
y_num_col 512
n_experiment_iterations 50
[/INFO]
[DATA]
[L] tiled_mat_mult [f] ts[32],[512,512,512]
[D] 194757 194497 194868 194834 193499 193959 192808 192815 192795 193090 192850 194322 194417 193865 194387 194399 194368 194952 195044 194816 194860 194959 195022 194957 194769 195007 195005 194962 195087 192445 195086 194622 195071 195284 194999 195300 195223 195422 195340 195317 194747 195121 195094 195377 195250 195213 195183 194564 195147 195160
[L] tiled_mat_mult [f] ts[64],[512,512,512]
[D] 230704 230880 230716 223562 231112 231144 230952 230713 230393 230659 232809 238807 238852 238601 238713 230412 230093 230442 230553 230092 230519 230825 230353 230290 230040 230035 230492 230499 230107 229908 230101 230328 229730 230357 230278 230293 230155 229878 230181 230010 229815 229190 229505 229895 229790 230130 229281 234335 231494 229485
[L] tiled_mat_mult [f] ts[128],[512,512,512]
[D] 230177 229785 230502 229933 230664 229455 229228 230337 231114 227811 229417 229206 230569 231139 231661 229312 227814 229919 230491 231527 232234 229716 229437 230942 230304 229766 230541 229664 231293 230689 229766 229801 228949 229591 231487 229964 230156 230121 229711 229247 229600 229583 241974 232042 230481 229982 227346 242684 242193 242726
[L] tiled_mat_mult [f] ts[256],[512,512,512]
[D] 285372 277723 281698 286144 280885 278490 278256 278573 278350 278449 280188 278637 278106 262379 286050 285888 281928 277988 278150 277248 277435 277408 277330 276982 276967 277556 276990 277377 277468 277183 276906 278019 277468 269088 277562 278396 278197 277399 276961 276883 276832 278230 278477 278172 278010 278726 281092 278832 278506 278025
[L] tiled_mat_mult [f] ts[512],[512,512,512]
[D] 287608 288844 289037 284772 286161 287788 292859 292687 292365 292424 291732 291781 291780 291947 291890 292405 292371 291536 291967 292002 292043 291522 291934 292122 291456 291759 291754 292081 291688 291606 292230 291181 290688 290607 290201 290144 290764 290262 290755 290643 290529 290215 290715 290903 290924 289999 290361 291012 290652 291069
[/DATA]
