[INFO]
experiment_name parallel_sddmm
sparse_num_row 500
sparse_num_col 500
dense_num_inner 400
sparsity 0.1
n_experiment_iterations 50
n_cpu_threads 1
[/INFO]
[DATA]
[L] parallel (CPU)
[D] 922019 924403 945334 914631 922967 909860 929533 893457 904979 905166 900814 855703 878928 860584 902305 886954 889891 853621 855010 856558 851835 850611 856910 858463 856878 858792 855682 856423 903734 927723 877735 857131 856681 857077 857239 880102 854381 853328 865804 860024 865072 872737 850940 853305 935164 890838 896526 905910 899686 911574
[L] naive (COO,CPU)
[D] 756991 716568 731928 741486 720449 746712 725220 710127 743794 729214 720931 715895 733785 708275 715944 716844 729497 724355 708326 721748 705130 726670 685299 708416 725566 838520 686431 682425 714163 734121 709104 721988 716888 701373 681073 691005 687374 717322 737499 748968 737163 708708 687149 684075 682218 683520 683342 684151 686495 697598
[/DATA]
