[INFO]
experiment_name sparsity_small_K512
variable sparsity
N 10253
M 10253
K 512
sparsity 0.9995
description Compare matrices with K=512 for varying sparsity on small dataset
runtime 11
n_warmup_iterations 5
sequence_number 4
[/INFO]
[DATA]
[L] Baseline
[D] 525 561 461 574 531 654 545 527 541 563 457 566 536 558 448 528 549 551 556 556 555 536 517 562 556 550 559 530 564 426 555 568 530 442 554 556 444 530 541 574 556 555 547 560 556 562 558 553 553 546 546 578 495 554 545 432 570 567 586 581 575 561 569 568 555 556 462 551 544 557 528 541 527 560 531 572 567 558 575 467 564 560 454 567 587 549 430 574 560 490 531 553 563 539 532 451 560 562 475 527
[L] cuSPARSE
[D] 212 305 199 212 302 211 311 308 212 301 204 339 308 200 301 297 210 270 289 300 298 212 338 199 210 297 211 285 211 209 295 211 301 208 209 293 209 334 297 211 293 208 214 297 207 297 208 207 268 183 206 268 181 182 267 264 182 266 270 197 270 269 208 268 180 185 271 182 181 268 183 181 268 181 206 271 183 179 267 183 184 263 184 182 264 182 275 273 259 285 183 264 184 206 266 266 190 264 271 312
[L] sm_l2
[D] 392 394 455 443 456 447 433 410 513 426 401 436 410 424 400 400 457 446 436 433 408 416 399 446 409 398 394 411 393 459 456 460 459 415 475 397 448 447 425 409 404 587 574 555 417 419 416 398 396 398 396 394 588 506 399 398 598 514 397 419 565 408 556 648 558 675 395 573 552 519 415 594 412 594 552 396 396 428 413 397 396 392 429 397 555 396 557 395 557 588 416 409 422 414 416 582 576 593 556 569
[/DATA]
