[INFO]
experiment_name sparsity_small_K512
variable sparsity
N 10253
M 10253
K 512
sparsity 0.999
description Compare matrices with K=512 for varying sparsity on small dataset
runtime 12
n_warmup_iterations 5
sequence_number 3
[/INFO]
[DATA]
[L] Baseline
[D] 746 777 1143 772 682 773 1131 774 773 776 687 776 749 777 776 777 1138 690 778 774 1137 777 745 773 658 777 790 772 780 776 777 775 782 779 759 779 778 776 1142 770 748 749 679 777 748 753 659 774 777 1097 1125 774 779 781 681 776 770 1113 772 774 764 679 778 748 1133 746 775 774 680 785 776 1138 772 773 777 652 776 753 748 1155 773 744 749 781 781 1124 782 777 755 784 818 1140 1379 783 779 777 775 779 776 1110
[L] cuSPARSE
[D] 389 292 417 389 468 416 293 411 294 408 315 293 376 291 411 291 292 409 316 410 293 410 379 387 408 314 414 395 398 371 365 288 396 375 394 398 289 371 311 395 397 312 396 290 395 290 311 399 289 364 313 310 396 290 393 312 289 397 281 363 311 289 394 289 373 288 310 395 288 396 373 312 396 399 398 398 290 368 312 400 400 311 396 312 486 312 310 391 311 551 399 291 341 393 396 284 397 311 467 369
[L] sm_l2
[D] 593 608 617 587 584 630 583 599 556 529 578 601 530 627 540 597 621 554 565 608 553 597 555 577 607 573 601 585 543 618 599 568 583 550 576 621 613 619 608 579 603 546 589 596 558 597 533 574 578 618 555 572 574 626 561 580 741 547 586 669 565 543 570 556 555 584 562 596 585 537 693 696 749 607 720 569 754 732 592 558 590 555 578 545 572 551 562 538 573 545 592 601 573 583 578 579 544 599 588 575
[/DATA]
