[INFO]
experiment_name sparsity_small_K512
variable sparsity
N 10253
M 10253
K 512
sparsity 0.99
description Compare matrices with K=512 for varying sparsity on small dataset
runtime 29
n_warmup_iterations 5
sequence_number 1
[/INFO]
[DATA]
[L] Baseline
[D] 6348 6132 5691 6774 6347 6644 6597 6730 6590 6488 6732 6283 6641 6328 6780 6306 6550 6585 6559 6230 6557 6340 6858 6078 5628 5817 5975 6607 6180 6738 6660 6775 6646 6486 6610 6314 6187 5650 6433 6076 6230 6570 6645 7432 6355 11194 11739 11770 12355 49771 55548 52128 55719 54779 55160 54815 53096 52549 50612 50097 32576 9285 9322 9262 9270 9286 9181 9210 9191 9180 9258 9163 9287 9240 24126 19977 24087 19350 24602 24272 21010 24237 20978 25211 23842 24028 19403 24053 19496 24420 23996 24192 24352 24271 19486 24258 25130 24821 24601 30824
[L] cuSPARSE
[D] 13624 21965 20810 17754 21650 1912 1858 1779 1882 2752 1838 1914 2000 2518 1806 1864 1943 2212 1937 1895 2256 1931 1895 1798 1928 1974 1839 2551 1936 1979 1944 1967 1999 2214 2422 1845 1819 1944 2478 1801 1936 1943 1794 1941 1910 2154 1934 2214 2333 1841 1965 1927 2531 1934 1892 1889 1867 2004 1914 2193 1858 1904 2277 1871 1948 1904 2195 1930 2208 2230 1904 1949 1858 2129 1933 1908 2257 1882 1973 1857 1881 1969 1887 2585 1837 1952 1981 2449 1974 1950 2224 2203 1881 1985 1959 1830 1945 1803 2503 1865
[L] sm_l2
[D] 7070 7073 7086 7443 7094 7088 7279 7081 7326 7108 7052 7294 7216 7298 7100 7043 7046 7115 7285 7206 7066 7112 7044 7059 7093 7105 7288 7090 7290 7091 7120 7226 7096 7093 7110 7230 7228 7021 7046 7133 7142 7082 7081 7087 7081 7098 7123 7106 7085 7082 7111 7058 7009 7055 7076 7113 7223 7090 7113 7007 7108 7095 7105 7072 7127 7065 7250 7079 7064 7071 7096 7020 7122 7149 7054 7073 7083 7124 7139 7086 7102 7061 7225 7090 7083 7096 7096 7114 7279 7256 7073 7032 7182 7256 7266 7240 7077 7305 7229 7108
[/DATA]
