[INFO]
experiment_name sparsity_small_K512
variable sparsity
N 10253
M 10253
K 512
sparsity 0.995
description Compare matrices with K=512 for varying sparsity on small dataset
runtime 19
n_warmup_iterations 5
sequence_number 2
[/INFO]
[DATA]
[L] Baseline
[D] 3233 3101 3122 3178 3130 3230 3268 3178 3040 3138 3285 3254 3197 3167 3112 3232 3167 3052 3268 3215 3209 3134 3215 3205 3225 3238 3192 3355 3207 3099 3165 3364 3266 3205 3212 3232 3244 3156 3129 3212 3107 3193 3201 3247 3151 3262 3217 3253 3085 3034 3177 3213 3245 3215 3250 3093 3113 3030 3107 3181 3056 3162 3291 3118 3203 3206 3232 3477 3208 2992 3229 3010 3432 3048 3258 3240 3292 3015 3024 3009 3234 3159 3172 3291 3156 3144 3236 3389 3207 4047 5410 5412 5404 5695 5708 5888 6020 6050 6286 7624
[L] cuSPARSE
[D] 2227 2197 2253 4016 2269 2227 2227 2875 2262 2212 3246 2787 2281 3129 2257 2817 2218 2120 2146 2087 2133 2127 2564 2187 2095 2067 2145 2114 2167 2185 2060 2019 2068 2054 1131 1187 1756 1100 1181 1098 1212 1192 1174 1085 1164 1602 1181 1197 1113 1204 1110 1169 1085 1197 1631 1052 1151 1052 1161 1094 1123 1060 1160 1079 1164 1058 1164 1068 1161 1382 1162 1508 1161 1161 1157 1153 1003 1151 1085 1155 1811 1067 1408 1069 1118 1055 1161 1053 1170 1078 1181 1158 1098 1141 1177 1143 1729 1173 1172 1156
[L] sm_l2
[D] 1590 1823 1583 1618 1799 1765 1628 1623 1581 1773 1598 1723 1579 1620 1598 1599 1575 1586 1589 1637 1791 1627 1581 1586 1586 1610 1576 1763 1716 1576 1573 1607 1744 1632 1575 1638 1635 1654 1604 1588 1572 1589 1681 1605 1574 1573 1621 1593 1652 1624 1643 1602 1588 1578 1595 1584 1585 1594 1621 1579 1598 1599 1646 1608 1634 1622 1785 1598 1622 1629 1581 1595 1590 1613 1596 1581 1570 1579 1576 1602 1596 1649 1636 1589 1587 2020 1585 1577 1597 1693 1723 1794 1590 1764 1774 1587 2258 1616 1590 1796
[/DATA]
