[INFO]
experiment_name sparsity_small_K512
variable sparsity
N 10253
M 10253
K 512
sparsity 0.9999
description Compare matrices with K=512 for varying sparsity on small dataset
runtime 11
n_warmup_iterations 5
sequence_number 5
[/INFO]
[DATA]
[L] Baseline
[D] 222 381 221 344 244 344 248 341 246 341 221 344 247 242 225 243 339 222 339 241 332 243 399 223 222 248 217 310 242 337 245 393 229 225 315 318 316 315 225 314 222 225 316 226 312 221 318 231 227 314 227 324 231 227 310 226 272 231 225 309 225 227 229 219 301 226 225 220 225 309 225 225 230 228 311 311 226 229 228 312 230 226 303 224 315 232 227 311 225 316 230 226 310 227 283 231 227 313 225 215
[L] cuSPARSE
[D] 86 85 91 85 86 89 84 86 89 223 86 90 90 84 89 90 84 336 89 85 88 91 83 90 89 85 89 89 84 83 88 84 91 87 84 84 90 84 84 89 84 82 90 83 85 90 84 90 89 92 84 90 90 84 478 89 84 90 90 85 91 89 83 90 91 81 90 92 84 88 81 83 91 88 84 89 90 84 90 83 84 84 91 83 84 85 81 82 88 83 81 89 85 84 88 85 84 90 89 80
[L] sm_l2
[D] 256 224 305 240 264 267 244 224 221 290 238 300 281 221 260 222 263 263 241 255 271 222 264 272 262 235 258 241 390 278 269 243 246 235 397 223 269 385 226 223 244 419 219 372 245 232 227 222 407 242 220 258 246 410 221 220 242 369 233 390 234 218 219 219 241 233 223 224 262 413 220 218 239 224 220 219 329 236 395 234 261 222 219 355 234 234 385 241 487 424 223 220 238 252 225 219 221 287 250 243
[/DATA]
