[INFO]
experiment_name patents_companion
variable K
N 3774768
M 3774768
K 128
sparsity 0.999999
description Compare matrices with K=[32,128,256] for patents companion
runtime 369
n_warmup_iterations 5
sequence_number 2
[/INFO]
[DATA]
[L] Baseline
[D] 55110 55244 54576 54138 54273 54186 54163 54229 54097 54274 54269 54083 54361 53948 53900 54172 54014 54214 54528 55101 55824 54299 54224 54125 54171 54345 54246 54042 54283 54329 54200 54125 54265 54220 54316 54403 54344 53992 54440 54319 54358 54086 54194 54172 54298 54221 54208 54069 54222 54179 54169 54597 55289 55387 55345 55673 54208 54023 54288 54166 54219 54285 54236 54285 54245 54273 54300 54217 54259 54169 54095 53995 54232 54211 54507 55528 55231 54067 53997 54266 54154 54180 54325 54183 54191 54301 54212 54162 54065 54227 54690 54261 54283 54226 55245 54933 55413 55186 54180 54104
[L] cuSPARSE
[D] 17211 17231 17020 16878 16937 17184 16931 17117 17132 17141 17185 16927 17148 17091 16893 17114 17196 16902 17436 17019 16782 17106 16832 17099 17201 16923 17096 17424 16848 17143 17004 17107 17367 16883 17009 17283 16854 16875 16846 17016 16952 16979 16934 17109 17163 17142 17193 17032 17061 16957 17105 17063 17181 16853 17107 16852 17132 17099 17018 17243 16892 17099 17803 17312 17127 17193 16849 17112 17187 16926 16727 17677 16840 17274 16920 17031 16887 17467 17020 17002 16858 17052 17238 16843 16931 17498 16996 17197 17353 16826 17065 17282 17219 17190 16956 17181 16922 17113 17342 16968
[L] sm_l2
[D] 36978 36994 36921 36937 36996 36916 36901 36980 36916 36918 36985 37665 37049 37038 36971 36902 36906 37008 36896 36955 37134 37147 37070 37002 37003 36915 36893 36998 36999 36915 36902 36998 36901 37016 37123 36995 37084 37070 36987 36911 36901 37006 37977 36906 37003 36992 36889 36898 37146 36925 37076 37166 36995 37073 36922 37021 38318 36901 37130 37017 36913 37050 37002 38425 36924 37025 36980 36890 36991 37016 36928 36915 37006 36912 37058 36993 36976 37070 36917 37127 37136 36916 36952 37010 36905 36943 37032 37978 36921 37139 36987 36889 36911 36967 36914 36931 37019 36991 36888 36985
[/DATA]
