[INFO]
experiment_name patents_companion
variable K
N 3774768
M 3774768
K 256
sparsity 0.999999
description Compare matrices with K=[32,128,256] for patents companion
runtime 523
n_warmup_iterations 5
sequence_number 3
[/INFO]
[DATA]
[L] Baseline
[D] 114783 114942 114963 114984 115176 114395 114814 114776 116074 115237 114967 114699 114554 114733 114716 114615 115370 114305 115425 116129 115037 115301 115127 115413 115083 114549 114974 115230 115757 115362 116269 114900 115223 114668 115019 115123 114940 115584 114989 116377 115381 114742 115262 115517 114986 114526 116216 115404 116181 115389 114812 114811 115026 114568 114999 115162 115115 115684 115196 116355 115084 114901 115615 114800 115157 114992 115245 115263 114860 114783 115212 115616 116251 115017 115293 114964 115007 114890 115185 115309 115487 115052 115183 115277 114913 114947 114847 116309 114765 116367 114718 116295 115429 115109 114784 115214 115294 115516 115146 115150
[L] cuSPARSE
[D] 31397 31425 31392 31847 31284 31591 31684 31536 31315 31101 31454 31279 31412 31256 31418 31437 31341 31351 31772 31614 31482 31460 31287 31561 31279 31482 31447 31375 31624 31533 31253 31931 31434 31364 31520 31289 31429 31273 31438 31613 31292 32456 31533 31301 31461 31193 31561 31549 31623 31355 31220 31540 31303 31502 31758 31478 31134 31290 31327 31351 31400 31425 31598 31264 31433 31552 31358 31364 31273 31612 31563 31769 31436 31799 31521 31768 31745 31397 32721 31237 31296 31369 31224 31531 31183 31070 31606 31310 31533 31727 31197 31386 31557 31552 31533 31277 32111 31473 31358 31269
[L] sm_l2
[D] 46121 46116 46048 46498 46154 46132 46118 46125 46237 46129 46135 47058 46131 46103 46138 46090 46150 46279 46128 47189 46119 46092 46163 46118 46110 46113 46804 46253 46108 46137 46163 46119 46128 46106 46050 46471 46178 46117 46124 46112 46127 46097 46075 46253 46151 46136 46116 46121 46131 46081 46360 46123 46285 46105 46124 46124 46453 46092 46268 46142 46252 46015 47431 46130 46124 46111 46298 46145 46273 46077 46732 46156 46118 46119 46159 46263 46114 46936 46123 46156 46120 46134 46138 46310 46130 46119 46373 46109 46134 46099 46142 46130 46129 46110 46102 46119 46113 46124 46129 46274
[/DATA]
