[INFO]
experiment_name patents_companion
variable K
N 3774768
M 3774768
K 32
sparsity 0.999999
description Compare matrices with K=[32,128,256] for patents companion
runtime 245
n_warmup_iterations 5
sequence_number 1
[/INFO]
[DATA]
[L] Baseline
[D] 13741 13330 13614 13647 13717 13723 13726 13719 13582 13679 13718 13982 13562 13605 13725 13654 13647 13739 13622 13664 13715 14813 13437 13441 13721 13729 13718 13697 14561 13706 13708 13680 13760 13776 14454 14082 13562 13729 13311 13333 13727 13585 13691 13770 15385 13392 13412 13995 13748 13704 13689 13995 13753 13757 13304 13364 13730 13771 13761 13757 13651 13727 13713 13709 13754 13724 13707 13769 13756 13734 13727 13686 13632 13631 13760 13526 13648 13720 13611 13681 13756 13875 13636 13706 13720 13767 13780 13628 13638 13756 13562 13727 13898 13727 13786 14858 13410 13394 13764 13684
[L] cuSPARSE
[D] 7896 8090 8247 7783 7845 8046 8130 8188 7923 7917 8068 8034 8178 7910 7925 7879 8039 8118 8152 8423 7893 7969 8005 8219 7897 7802 7941 8088 8155 7885 7864 7917 7894 8159 8202 8224 7952 8042 8115 8247 8636 7909 7968 8080 8074 7861 7903 8010 8014 8164 7901 7919 7931 7982 8052 8280 7905 7901 7977 8133 8149 7839 7876 7918 8065 8043 8165 7840 7907 7972 8032 8076 7867 7580 7935 8066 8150 7897 7866 7944 8078 8035 8164 7839 7923 7974 8107 8272 7851 7799 7956 8070 8100 7713 7916 7879 8301 7979 7992 7771
[L] sm_l2
[D] 6428 6074 6079 6141 6073 6103 6073 6072 6167 6087 6095 6072 6082 5985 5926 5997 5960 5942 5947 6052 5977 5959 6036 5978 5993 5921 5941 5930 5906 5934 6071 5922 6066 6172 5920 6067 6063 5931 6081 6061 5929 6270 5972 5973 6053 5928 5900 6031 5958 5933 5941 5957 5956 5931 6070 6045 6051 6041 6186 6119 6064 6081 6086 6137 6110 6067 6072 5943 5904 5949 5913 5940 5972 5941 5889 5918 5963 6352 5938 5916 5993 6076 5908 6063 6084 6060 6118 6073 5980 5976 6062 6072 6060 5917 5922 5926 5900 5888 5948 6020
[/DATA]
