[INFO]
experiment_name sparsity_large_K128
variable sparsity
N 102539
M 102539
K 128
sparsity 0.99
description Compare matrices with K=128 for varying sparsity on large dataset
runtime 639
n_warmup_iterations 5
sequence_number 1
[/INFO]
[DATA]
[L] Baseline
[D] 245261 247587 250116 249047 247418 247458 247388 245322 249031 248745 249163 247421 247162 247662 248279 245359 248406 248847 249762 247809 249000 247351 248840 249698 249278 245477 246762 247097 246126 244962
[L] cuSPARSE
[D] 72173 72059 72052 72085 72938 72118 72094 71992 72088 72063 72070 72128 72061 74193 72155 72058 72070 72035 72048 72168 72019 72113 73929 72131 72140 72116 72064 72042 72077 72043
[L] sm_l2
[D] 38180 38090 39286 38420 37880 38417 38479 37858 38320 40236 38340 38592 38530 38375 38257 38316 39305 38222 38072 37942 37859 38601 38260 38613 38220 38285 38422 38188 38181 38203
[/DATA]
