[INFO]
experiment_name sparsity_large_K128
variable sparsity
N 102539
M 102539
K 128
sparsity 0.9999
description Compare matrices with K=128 for varying sparsity on large dataset
runtime 11
n_warmup_iterations 5
sequence_number 5
[/INFO]
[DATA]
[L] Baseline
[D] 2995 3030 3015 2913 2986 2984 3006 3034 2998 3341 2989 2999 2912 3011 3013 2988 2968 2956 2928 2856 3676 2990 2938 2927 3685 2893 3003 2917 2978 3940
[L] cuSPARSE
[D] 960 964 951 960 959 957 959 960 956 959 956 942 945 942 946 946 942 943 940 1274 942 945 955 941 945 948 937 951 945 936
[L] sm_l2
[D] 2387 2535 2420 2411 2665 2391 2398 2396 2392 2402 2385 2398 2399 2393 2400 2438 2527 2547 2395 2424 2398 2521 2536 2401 2527 2409 2400 2391 2406 2542
[/DATA]
