[INFO]
experiment_name sparsity_large_K128
variable sparsity
N 102539
M 102539
K 128
sparsity 0.999
description Compare matrices with K=128 for varying sparsity on large dataset
runtime 64
n_warmup_iterations 5
sequence_number 3
[/INFO]
[DATA]
[L] Baseline
[D] 26018 156868 25438 32092 31424 115131 24968 31426 160673 24916 31237 121550 24924 31438 36122 102552 24974 157173 25310 97899 25156 80592 26400 96949 27418 157402 24924 30863 46137 157687
[L] cuSPARSE
[D] 8246 8265 8454 7501 7483 8225 8125 7843 7399 7493 7857 8198 7857 7400 7518 7515 7505 8140 7485 7417 7494 7866 8487 7859 7397 7499 7873 7516 8201 8247
[L] sm_l2
[D] 13636 14184 13621 13606 13624 13621 13596 13597 13602 13572 13577 13734 13620 13590 13629 13788 13620 13603 13751 13646 13729 13652 13714 13754 13744 13741 13733 13620 13617 13621
[/DATA]
