[INFO]
experiment_name sparsity_large_K128
variable sparsity
N 102539
M 102539
K 128
sparsity 0.995
description Compare matrices with K=128 for varying sparsity on large dataset
runtime 317
n_warmup_iterations 5
sequence_number 2
[/INFO]
[DATA]
[L] Baseline
[D] 122109 121868 122067 121877 122602 122097 122026 122673 122457 123131 122793 121932 122150 121865 124239 122204 123644 121847 123208 192299 192434 123619 123666 122043 122008 123759 121927 122767 123284 123731
[L] cuSPARSE
[D] 36138 36126 36135 37428 36119 36786 36129 37036 36127 36776 36138 37045 36124 36794 36909 36128 36134 36135 36153 36782 36162 38551 36171 36107 36142 36148 36162 36164 36149 36115
[L] sm_l2
[D] 24542 24571 24426 24591 24517 24613 24493 24626 24399 24436 24542 24417 24424 24435 24420 24552 24544 24632 24551 24450 24428 24525 24454 24404 24560 24420 24386 24541 24420 25185
[/DATA]
