[INFO]
experiment_name sparsity_large_K128
variable sparsity
N 102539
M 102539
K 128
sparsity 0.9995
description Compare matrices with K=128 for varying sparsity on large dataset
runtime 36
n_warmup_iterations 5
sequence_number 4
[/INFO]
[DATA]
[L] Baseline
[D] 13391 13341 13658 13101 13358 13126 13403 80529 16140 16098 15261 87107 80558 14426 14429 14380 83510 16087 16453 83886 78555 13969 14140 57851 80394 86900 80053 13589 13542 13534
[L] cuSPARSE
[D] 3869 3868 3858 3864 3862 3870 3865 3856 3866 3864 3865 3868 3837 3859 3887 3862 3858 3883 3858 3858 3888 3863 3862 3879 3860 3861 3881 3861 3864 3872
[L] sm_l2
[D] 8723 8744 8701 8736 8712 8772 9646 8735 8730 8688 8724 8737 8740 8744 8709 8747 8740 8762 8728 8723 8863 8736 8880 8860 8725 8880 8709 8734 8719 8708
[/DATA]
