[INFO]
experiment_name patents_main
variable K
N 240547
M 240547
K 32
sparsity 0.99999
description Compare matrices with K=[32,128,256] for patents_main data set
runtime 6
n_warmup_iterations 5
sequence_number 1
[/INFO]
[DATA]
[L] Baseline
[D] 421 377 485 387 388 430 493 493 382 386 382 371 426 424 369 378 417 424 384 418 420 400 409 419 418 403 421 417 374 378
[L] cuSPARSE
[D] 568 585 590 537 562 569 580 585 431 547 577 746 667 504 521 553 531 527 830 567 571 561 566 510 546 563 535 445 514 528
[L] sm_l2
[D] 937 321 298 313 311 305 445 464 310 300 313 394 298 296 324 297 400 290 275 527 333 440 320 405 321 312 306 327 316 318
[/DATA]
