[INFO]
experiment_name patents_main
variable K
N 240547
M 240547
K 128
sparsity 0.99999
description Compare matrices with K=[32,128,256] for patents_main data set
runtime 9
n_warmup_iterations 5
sequence_number 2
[/INFO]
[DATA]
[L] Baseline
[D] 2035 1415 1450 1426 1431 1437 1459 1448 1489 1446 1445 1440 1448 1731 1448 1471 1415 1435 1450 1434 1451 1454 1750 1411 1723 1340 1428 1781 1817 1808
[L] cuSPARSE
[D] 1171 1151 1089 1111 1143 1062 1161 1147 1162 1000 1159 1144 979 1411 1465 1069 960 1060 1138 1230 1139 1057 1146 872 1146 1127 1133 1035 1131 1269
[L] sm_l2
[D] 1001 919 899 1105 1022 1038 1085 886 1001 907 893 921 995 992 1003 888 1000 881 856 989 905 883 885 897 851 916 990 987 900 888
[/DATA]
